        -8
-0.0238651
         3
0.00704542
         4
 0.0168197
         0
   1.83145
         0
         0
    3.0779
         0
   48.1132
   58.7833
   15.8215
   26.5893

-7.68528
 3.13116
 3.31927
 3.19267
 4.31472
 3.16314
 0.47067
       0
       0
       0
 4.37587
       0
 -13.283
 65.4746
       0
 37.8022

-7.08494
 5.98982
 3.47156
 1.52295
 4.91506
 6.01702
0.858927
       0
       0
       0
 2.05703
 1.63312
-15.8455
-2.75793
       0
 38.2369

-6.58038
 5.03174
 3.42712
-0.44438
 5.41962
  5.0595
0.636265
       0
       0
       0
0.977195
 3.00322
-4.59656
-45.0924
       0
 37.5809

  -6.3825
  1.96173
  3.33744
-0.894912
   5.6175
  1.99404
        0
 0.954754
        0
        0
        0
  1.38172
  23.3158
  -25.758
  8.24792
    36.95

 -6.3513
0.287376
  3.3749
0.391601
  5.6487
0.319542
       0
 2.53997
       0
       0
       0
  1.4441
  20.557
  -13.14
 21.9423
 36.3287

 -6.36636
-0.173783
  3.35983
-0.137547
  5.63364
-0.140565
        0
  2.67839
0.0267743
        0
 0.531137
  1.52776
  27.0315
 -4.45471
  23.3693
  35.7044

 -6.37842
-0.142798
  3.34777
-0.109253
  5.62158
-0.109816
        0
  2.79633
0.0751231
        0
 0.530003
  1.52856
  28.2441
 -3.88447
  24.8059
  35.1046

    -6.38251
   -0.063003
     3.34368
  -0.0296593
     5.61749
  -0.0300709
           0
     2.81535
    0.135993
-1.13687e-13
           0
     1.00637
     27.4556
    -4.38051
     25.4961
     34.5145

  -6.38254
-0.0222645
   3.34366
 0.0109526
   5.61746
 0.0106488
         0
   2.81398
   0.16867
         0
         0
   1.01543
   26.7903
  -4.83099
   25.7665
   33.9342

    -6.38215
  -0.0181339
     3.34405
   0.0150414
     5.61785
   0.0147875
           0
     2.81806
    0.183019
-1.13687e-13
           0
     1.01412
     26.6246
    -4.89722
     25.9257
     33.3637

    -6.38206
  -0.0211327
     3.34414
   0.0120271
     5.61794
   0.0117961
           0
     2.82279
    0.189864
-1.13687e-13
           0
     1.01095
     26.6156
    -4.86079
     26.0257
     32.8027

  -6.38215
 -0.022951
   3.34404
 0.0101978
   5.61785
0.00998207
         0
   2.82585
  0.193858
         0
         0
   1.00835
    26.622
  -4.82394
   26.0866
   32.2512

  -6.38227
 -0.023188
   3.34393
0.00995133
   5.61773
0.00974488
         0
   2.82755
  0.196414
         0
         0
   1.00708
   26.6184
  -4.80933
   26.1234
   31.7089

  -6.38235
-0.0228695
   3.34384
  0.010262
   5.61765
 0.0100626
         0
   2.82824
  0.198011
         0
         0
   1.00638
   26.6088
  -4.80515
   26.1432
   31.1758

  -6.38241
-0.0225949
   3.34378
 0.0105302
   5.61759
 0.0103367
         0
   2.82827
  0.198862
         0
         0
   1.00583
   26.5995
  -4.80272
   26.1508
   30.6516

 -6.38246
-0.022535
  3.34373
0.0105856
  5.61754
0.0103956
        0
  2.82813
 0.199136
        0
        0
  1.00546
  26.5956
 -4.79987
   26.152
  30.1363

  -6.38274
-0.0247831
   3.34346
0.00832633
   5.61726
0.00814008
         0
   2.82882
  0.198815
         0
         0
   1.00384
   26.6271
  -4.76302
   26.1551
   29.6296

  -6.38325
-0.0271169
   3.34294
0.00598329
   5.61675
0.00579226
         0
    2.8308
  0.197961
         0
         0
   1.00241
   26.6884
  -4.71388
   26.1648
    29.131

  -6.38357
-0.0251837
   3.34263
0.00790167
   5.61643
0.00771471
         0
   2.83139
  0.199451
         0
         0
   1.00231
   26.6739
  -4.71972
   26.1828
   28.6412

  -6.38371
-0.0234053
   3.34248
0.00967646
   5.61629
0.00948605
         0
   2.83254
  0.200719
         0
         0
   1.00325
   26.6639
  -4.73682
   26.2037
   28.1597

 -6.38374
-0.022316
  3.34245
0.0107639
  5.61626
0.0105711
        0
  2.83359
 0.202005
        0
        0
  1.00405
  26.6528
 -4.75269
  26.2238
  27.6862

    -6.38374
  -0.0220172
     3.34245
   0.0110606
     5.61626
   0.0108666
           0
     2.83459
    0.203146
-1.13687e-13
           0
     1.00451
     26.6465
    -4.76176
     26.2424
     27.2207

  -6.38375
-0.0220114
   3.34245
  0.011066
   5.61625
 0.0108703
         0
   2.83566
  0.204081
         0
         0
    1.0048
   26.6462
  -4.76576
   26.2597
   26.7631

    -6.38376
  -0.0221032
     3.34243
   0.0109737
     5.61624
   0.0107772
           0
     2.83662
    0.204933
-1.13687e-13
           0
     1.00488
     26.6475
    -4.76605
     26.2753
     26.3131

  -6.38376
-0.0220511
   3.34243
 0.0110251
   5.61624
 0.0108277
         0
   2.83745
  0.205725
         0
         0
   1.00508
   26.6465
  -4.76918
   26.2894
   25.8707

  -6.38378
-0.0221527
   3.34241
 0.0109234
   5.61622
 0.0107245
         0
   2.83833
  0.206377
         0
         0
   1.00521
   26.6492
  -4.76948
   26.3026
   25.4357

    -6.38379
  -0.0220309
     3.34241
   0.0110448
     5.61621
   0.0108446
-1.13687e-13
     2.83907
    0.207067
           0
           0
     1.00548
     26.6478
    -4.77368
      26.315
      25.008

 -6.38379
-0.022002
   3.3424
 0.011073
  5.61621
0.0108733
        0
   2.8396
 0.207673
        0
        0
  1.00547
  26.6465
 -4.77416
  26.3247
  24.5876

  -6.38379
-0.0220356
    3.3424
  0.011039
   5.61621
 0.0108386
         0
   2.84017
  0.208187
         0
         0
   1.00557
   26.6467
  -4.77535
   26.3341
   24.1742

   -6.38379
 -0.0219822
     3.3424
  0.0110923
    5.61621
  0.0108913
          0
    2.84063
   0.208618
1.13687e-13
          0
     1.0057
    26.6461
   -4.77738
    26.3419
    23.7677

   -6.3838
-0.0220279
   3.34239
 0.0110465
    5.6162
 0.0108447
         0
   2.84112
  0.209005
         0
         0
    1.0058
   26.6469
  -4.77832
   26.3494
   23.3681

     -6.3838
  -0.0220175
     3.34239
   0.0110572
      5.6162
   0.0108549
           0
     2.84152
    0.209339
-1.13687e-13
           0
     1.00583
     26.6478
    -4.77823
     26.3557
     22.9752

 -6.38379
-0.021906
   3.3424
0.0111691
  5.61621
0.0109665
        0
  2.84183
 0.209686
        0
        0
  1.00591
  26.6464
 -4.77993
  26.3614
  22.5889

  -6.38379
-0.0219933
    3.3424
 0.0110873
   5.61621
 0.0108788
         0
   2.84263
  0.209552
         0
         0
   1.00641
   26.6584
  -4.78033
   26.3672
    22.209

  -6.38376
-0.0216759
   3.34243
 0.0114061
   5.61624
 0.0111958
         0
   2.84301
  0.209941
         0
         0
   1.00682
   26.6546
  -4.78753
   26.3738
   21.8355

    -6.38374
  -0.0217595
     3.34245
   0.0113232
     5.61626
   0.0111118
           0
     2.84339
    0.210227
-1.13687e-13
           0
     1.00701
     26.6546
    -4.78996
     26.3796
     21.4682

    -6.38373
  -0.0218968
     3.34246
   0.0111864
     5.61627
   0.0109748
           0
     2.84369
    0.210461
-1.13687e-13
           0
     1.00698
      26.656
    -4.78889
     26.3842
      21.107

  -6.38373
-0.0219156
   3.34247
  0.011168
   5.61627
 0.0109557
         0
   2.84397
  0.210687
         0
         0
   1.00706
   26.6562
   -4.7899
   26.3886
   20.7519

    -6.38372
   -0.021969
     3.34247
   0.0111084
     5.61628
   0.0109017
           0
     2.84382
    0.211432
-1.13687e-13
           0
      1.0066
     26.6446
    -4.78976
     26.3937
      20.403

  -6.38375
-0.0222248
   3.34244
 0.0108526
   5.61625
 0.0106457
         0
   2.84413
  0.211528
         0
         0
   1.00643
     26.65
  -4.78482
   26.3972
     20.06

    -6.38376
  -0.0220499
     3.34244
   0.0110278
     5.61624
   0.0108199
           0
     2.84439
    0.211729
-1.13687e-13
           0
      1.0066
     26.6494
    -4.78734
     26.4012
     19.7227

    -6.38375
  -0.0219033
     3.34244
   0.0111743
     5.61625
    0.010967
           0
     2.84446
    0.211961
-2.27374e-13
           0
     1.00659
     26.6468
    -4.78852
     26.4038
     19.3911

  -6.38375
-0.0220189
   3.34244
 0.0110593
   5.61625
 0.0108509
         0
   2.84472
  0.212017
         0
         0
   1.00668
   26.6495
  -4.78824
   26.4065
   19.0651

  -6.38373
-0.0218131
   3.34246
 0.0112648
   5.61627
 0.0110569
         0
   2.84471
  0.212229
         0
         0
   1.00676
    26.645
  -4.79161
   26.4083
   18.7445

    -6.38374
  -0.0220529
     3.34245
   0.0110258
     5.61626
   0.0108167
           0
     2.84502
    0.212241
-1.13687e-13
           0
     1.00676
       26.65
    -4.78915
      26.411
     18.4294

  -6.38373
 0.0171703
   3.34246
  0.050194
   5.61627
-0.0671696
         0
   2.89235
  0.165123
  0.165983
         0
  0.744199
   30.5508
  -12.6035
   26.4129
   6.42898

-6.30269
0.793981
  3.4235
0.826943
 5.43402
-1.82244
       0
 2.05319
0.930005
0.522616
       0
       0
 9.26626
-4.94724
 26.2035
       0

-6.26285
0.381455
 3.46334
0.415304
 5.20414
 -2.2988
       0
 1.73524
0.506193
0.349255
       0
       0
 11.0865
 4.20708
 25.7415
       0

 -6.25513
0.0600907
  3.47107
0.0943942
  5.01574
 -1.88397
        0
  2.06013
 0.631339
 0.220404
        0
        0
   14.533
  8.95378
  25.3226
0.0438619

  -6.26247
-0.0909903
   3.46372
-0.0566353
   4.91621
 -0.994697
         0
   1.96277
  0.908795
         0
  0.972586
         0
   16.4586
   25.1361
   24.9017
   8.40196

-6.22536
 0.35188
 3.50084
0.384306
 4.97302
0.574251
       0
0.971792
 1.45027
       0
 2.48471
       0
 3.06372
 26.7626
  24.481
 21.4649

-6.14764
0.801508
 3.57855
0.703264
 5.05073
0.826626
0.196342
       0
 1.29254
       0
 3.16687
       0
-20.7631
 33.4887
  11.166
 27.3579

-5.97762
  1.6853
 3.42006
-1.58493
 5.22075
 1.71515
0.550479
       0
       0
       0
 2.34252
0.862216
-11.8744
 15.4676
       0
 27.6851

   -5.81418
    1.61969
    3.14316
   -2.76895
    5.38419
    1.64912
   0.562139
          0
          0
          0
    1.25392
   0.782798
   0.820475
   -1.96455
2.74381e-06
    27.2154

    -5.7438
   0.688312
    2.87254
   -2.70619
    5.45457
   0.719242
   0.297198
          0
          0
          0
    1.14782
   0.373128
    9.87175
    3.26546
2.69768e-06
    26.7567

 -5.74029
0.0187212
  2.69821
 -1.74202
  5.45808
0.0501374
        0
 0.806882
        0
        0
  1.69432
 0.909298
    28.52
  10.4096
  6.97048
  26.3069

-5.72488
0.135993
 2.73228
0.346561
 5.47349
0.166362
       0
 2.65544
       0
       0
 1.03358
 1.52624
 29.7079
 4.31411
 22.9398
 25.8646

-5.65216
0.752605
 2.80513
0.772169
 5.54621
0.658228
       0
 3.40789
       0
0.172841
       0
 1.51995
 35.7438
-20.6186
   29.44
 13.1305

 -5.4808
 1.70023
 2.97649
   1.727
 5.41649
-1.29728
       0
  2.8353
0.625317
0.605418
       0
       0
 28.1056
-13.0441
 29.8956
       0

   -5.24342
    2.36117
    3.21387
    2.38633
     5.1581
    -2.5839
          0
    1.97951
    1.38571
   0.628247
          0
          0
   0.197776
   -2.97926
    29.3663
4.43124e-06

   -5.08363
    1.58494
    3.37366
    1.61087
    4.87062
   -2.87474
          0
   0.803164
   0.630001
   0.459851
          0
          0
   -7.07745
     5.1888
    28.8751
4.35673e-06

   -5.03832
   0.439211
    3.41896
   0.466933
    4.63513
    -2.3549
          0
    1.10007
   0.304887
   0.206597
          0
          0
    3.65158
    10.3895
    28.3896
4.28348e-06

 -5.05388
-0.170211
  3.40341
 -0.14186
  4.50166
 -1.33374
        0
  2.06244
  1.15516
        0
 0.797638
        0
  12.4726
  23.4443
  27.9054
  6.89063

  -5.0456
0.0685345
  3.41169
0.0964547
  4.52655
 0.249483
        0
  1.39157
  1.51619
        0
   2.2833
        0
  7.48254
  26.7538
  27.4372
  19.7249

 -4.9756
 0.68619
 3.48168
0.712701
 4.61079
 0.84345
       0
       0
 1.60158
       0
 3.24541
       0
-9.71005
 30.8546
 26.9759
 28.0364

 -4.88719
 0.862637
   3.5701
 0.884118
  4.71036
  1.01713
  0.39097
        0
  1.12031
        0
  3.70155
0.0194428
 -31.3472
  42.5848
  9.67817
  32.1449

-4.66523
  2.2087
 3.36366
-2.06437
 4.93232
 2.23056
0.791729
       0
       0
       0
 2.75589
0.850534
-19.0152
 22.8914
       0
 31.1551

    -4.3984
    2.65795
    2.96696
     -3.967
    5.19914
    2.67849
   0.734087
          0
          0
          0
    1.76275
    1.76666
   -4.68582
   -10.0829
4.05804e-06
    30.6115

   -4.25469
    1.42593
    2.52151
   -4.45445
    5.34285
    1.44828
   0.528856
          0
          0
          0
   0.552225
   0.484238
    7.97619
   -8.85883
3.98981e-06
    30.0992

  -4.22977
  0.237254
   2.15274
  -3.68778
   5.36777
  0.261222
  0.256046
         0
         0
         0
   1.02809
  0.205581
   15.2655
   4.16122
3.9197e-06
   29.5703

 -4.25636
-0.278845
  1.93313
 -2.19438
  5.34119
-0.254541
        0
 0.625781
        0
        0
  2.18371
  1.18166
  28.8138
   12.666
  5.40599
  29.0727

  -4.26063
-0.0551162
   1.94279
 0.0972718
   5.33692
-0.0310036
         0
   2.31601
         0
         0
    1.5912
   1.61532
   28.4728
   9.53973
   20.0075
   28.5754

 -4.18745
 0.720025
  2.02821
 0.855363
   5.4101
 0.742491
        0
  3.21558
        0
        0
0.0193962
  1.62812
  30.4966
 -10.0508
  27.7787
  28.0961

-4.09441
0.912136
 2.13032
 1.03928
 5.50314
0.930374
       0
 3.74632
       0
0.314433
       0
 1.48956
 40.7778
 -30.528
 32.3637
  12.868

-3.88319
 2.10331
 2.34154
 2.12104
  5.3591
-1.44037
       0
 2.75054
0.165825
0.792973
       0
       0
 34.6702
-20.5477
 31.5725
       0

-3.55953
 3.22906
 2.66519
 3.24408
 5.01038
-3.48718
       0
 2.49791
 1.05839
 0.98248
       0
       0
 14.9111
-8.87875
 31.0222
       0

-3.22483
 3.34025
  2.9999
 3.35394
 4.57284
-4.37538
       0
 1.77915
  1.6686
0.886937
       0
       0
-8.03685
0.754217
 29.9374
       0

-2.99685
 2.27255
 3.22788
 2.28694
 4.14311
-4.29732
       0
0.556399
 1.17418
0.556417
       0
       0
-20.6276
 9.18611
 28.8898
       0

-2.93702
0.589877
 3.28771
0.606781
  3.8046
-3.38515
       0
0.504518
0.180362
0.210466
       0
       0
-4.37842
 14.8033
 28.4907
       0

 -2.96376
-0.277633
  3.26097
-0.260239
  3.60965
 -1.94642
        0
  2.01013
  1.20306
        0
 0.485715
        0
  8.15639
  22.2421
  27.7581
  4.19599

 -2.98898
-0.261701
  3.23575
-0.243678
   3.5917
-0.178541
        0
  1.80433
  1.34541
        0
  1.55815
        0
  11.3993
  20.2439
  27.3172
  13.4605

 -2.9537
0.343905
 3.27103
0.360817
 3.63622
0.446016
       0
0.883622
 1.41203
       0
 2.08014
       0
 -1.1389
 20.5438
 26.8591
 17.9699

-2.89757
0.552746
 3.32716
0.569121
  3.6996
0.634655
       0
       0
 1.31949
       0
 2.56402
       0
-10.6213
 22.2721
 26.4075
   22.15

-2.84652
0.501939
 3.37821
0.518165
 3.75764
0.581336
       0
       0
 1.84862
       0
 2.99767
       0
-16.0157
 25.2187
 25.9635
 25.8962

-2.80849
0.371675
 3.41624
0.387919
 3.80277
0.452293
       0
       0
 2.20431
       0
  3.3815
       0
-18.8456
 28.7653
  25.527
  29.212

-2.78089
0.287847
 3.44384
 0.24023
 3.83763
0.372428
0.119569
       0
 2.16965
       0
 3.70227
       0
-25.1663
 34.5673
 18.7431
 31.9831

    -2.69499
    0.852379
     3.34215
    -1.01687
     3.92353
    0.865542
    0.619654
           0
           0
           0
     3.29729
    0.377722
    -19.4267
     40.5014
-8.88178e-16
     31.8679

-2.45302
 2.41482
 3.04416
-2.97994
  4.1655
 2.42468
0.903229
       0
       0
       0
 2.64626
       0
  -11.03
 35.8124
       0
 31.3253

 -2.0804
 3.72271
 2.63289
-4.11264
 4.53812
 3.72974
 1.01245
       0
       0
       0
 1.92117
0.715782
 -4.5504
 10.9457
       0
 30.7965

-1.70825
 3.71871
 2.17525
-4.57645
 4.91027
 3.72433
0.900953
       0
       0
       0
0.629989
 1.14553
 1.19115
-18.7734
       0
 30.2778

   -1.48477
    2.23122
    1.72866
   -4.46584
    5.13375
    2.23828
   0.510068
          0
          0
          0
          0
   0.816963
    8.84845
   -23.9957
9.58828e-06
    29.4269

-1.43723
0.470963
 1.36893
-3.59732
 5.18129
0.479754
0.170426
       0
       0
       0
 1.41903
 1.44566
 15.9201
 -10.358
       0
 28.9743

 -1.48966
-0.532891
  1.16393
 -2.04241
  5.12886
-0.523204
        0
 0.980316
        0
        0
  1.74587
  1.53639
  24.0324
  2.18116
  8.46874
  28.4687

 -1.54187
-0.528656
  1.11172
-0.519066
  5.07665
-0.518634
        0
  1.69028
        0
        0
  1.70556
  1.43389
   21.645
  9.38556
   14.602
  27.9829

-1.52292
0.184203
 1.13068
0.190344
  5.0956
0.194057
       0
 1.71596
       0
       0
 1.39401
  1.3261
 20.3629
 6.08868
 14.8238
 27.5107

 -1.4564
0.660168
 1.20261
0.720454
 5.16211
0.668979
       0
 1.99189
       0
       0
       0
0.895277
 16.2681
-8.15881
 17.2075
 27.0485

 -1.4003
0.556188
 1.26053
0.580175
 5.21822
 0.56501
       0
    2.12
       0
       0
       0
 1.24287
 15.8417
-13.0578
 18.3142
 26.4561

-1.37352
0.262725
 1.28983
0.293946
   5.245
0.271901
       0
 2.21015
       0
       0
       0
  1.2369
 17.3785
-12.1793
  19.093
 26.0304

 -1.36774
0.0525252
    1.299
0.0927803
  5.25078
 0.061924
        0
  2.28697
        0
        0
        0
  1.16044
  19.2759
 -10.1969
  19.7566
   25.592

  -1.36943
-0.0221648
   1.30086
 0.0196265
   5.24909
-0.0126443
         0
   2.35741
         0
         0
         0
   1.12812
   20.7567
   -9.0313
   20.3651
    25.161

    -1.36991
   -0.010012
     1.30395
    0.031917
     5.24861
-0.000486242
           0
      2.4334
           0
           0
           0
     1.17201
     21.6892
    -9.13313
     21.0216
     24.7381

 -1.36683
0.0256212
  1.31015
0.0629317
  5.25169
0.0350709
        0
   2.5027
        0
        0
        0
  1.25762
  22.1931
 -10.0129
  21.6203
  24.3222

 -1.36133
0.0496739
  1.31927
0.0923156
  5.25719
0.0590309
        0
  2.58069
        0
        0
        0
  1.35852
  22.6157
 -11.0814
   22.294
  23.9132

 -1.35515
0.0565507
   1.3293
 0.101477
  5.26337
0.0658624
        0
   2.6532
        0
        0
        0
  1.44423
  23.1052
 -11.9355
  22.9204
  23.5112

 -1.34936
 0.052762
  1.33891
0.0970195
  5.26916
0.0620818
        0
  2.72183
        0
        0
        0
  1.51209
  23.7115
 -12.5151
  23.5134
  23.1159

 -1.34416
0.0468932
  1.34734
0.0852679
  5.27436
0.0561912
        0
  2.78037
        0
        0
        0
  1.57381
  24.2485
 -13.0756
  24.0191
  22.7272

 -1.33977
0.0388261
  1.35498
0.0773161
  5.27875
0.0481123
        0
  2.83632
        0
        0
        0
  1.62686
  24.7557
 -13.5087
  24.5024
  22.3451

 -1.33587
0.0338817
  1.36218
0.0729322
  5.28265
0.0431536
        0
  2.88986
        0
        0
        0
  1.67775
  25.2356
 -13.9253
  24.9649
  21.9694

 -1.33222
0.0313735
  1.36907
0.0699039
   5.2863
0.0406279
        0
  2.93952
        0
        0
        0
  1.72685
  25.6745
 -14.3445
  25.3939
     21.6

 -1.32875
0.0296951
  1.37579
0.0680852
  5.28977
0.0389308
        0
  2.98643
        0
        0
        0
    1.774
  26.0792
 -14.7537
  25.7992
  21.2368

 -1.32544
0.0280011
  1.38233
0.0663039
  5.29308
0.0372191
        0
  3.03036
        0
        0
        0
  1.81839
  26.4555
 -15.1409
  26.1786
  20.8798

 -1.32232
  0.02614
  1.38869
0.0645005
   5.2962
 0.035342
        0
  3.07156
        0
        0
        0
  1.85992
  26.8081
 -15.5024
  26.5346
  20.5287

  -1.3194
 0.024208
  1.39487
 0.062564
  5.29912
0.0333956
        0
  3.11032
        0
        0
        0
  1.89874
  27.1424
 -15.8381
  26.8694
  20.1836

 -1.31666
 0.022317
  1.40086
0.0609975
  5.30186
0.0314642
        0
  3.14364
        0
        0
        0
  1.93713
  27.3832
 -16.2132
  27.1573
  19.8442

 -1.31424
0.0305852
  1.40707
0.0732648
  5.30428
 0.006595
        0
  3.19576
        0
0.0486748
        0
  1.87582
  28.7734
 -18.5772
  27.6075
  16.2048

 -1.28405
 0.298017
  1.43726
 0.305789
   5.2508
-0.534836
        0
  2.89539
 0.224233
 0.322287
        0
 0.667247
  30.4992
  -17.776
  27.4134
  5.76421

-1.17505
 1.08699
 1.54626
 1.09307
 5.07014
 -1.8066
       0
 2.55061
0.410419
0.594473
       0
       0
 27.1066
-13.7407
 26.9466
       0

-0.978898
  1.95946
  1.74241
  1.96349
   4.7499
 -3.20242
        0
  2.35547
 0.656158
 0.738058
        0
        0
  19.5097
 -7.27044
   26.181
        0

-0.733758
  2.45022
  1.98755
  2.45259
  4.35544
 -3.94456
        0
   1.9771
 0.776966
 0.764633
        0
        0
  10.9018
 -1.54945
  25.5866
0.0293948

-0.482945
  2.50748
  2.23836
  2.50878
  3.94549
 -4.09945
        0
 0.803149
0.0458176
 0.692319
        0
        0
  3.26184
  2.99373
  24.8417
        0

-0.26519
 2.17711
 2.45612
 2.17798
 3.56578
-3.79709
       0
 1.59675
 1.15193
0.540837
       0
0.022763
-2.32986
 6.65968
 23.9587
0.196645

 -0.10905
  1.56084
  2.61226
  1.56196
  3.25518
 -3.10608
        0
   1.5076
  1.19999
 0.305453
        0
0.0463278
 -4.90674
  12.3286
  23.3904
 0.400217

-0.0284675
  0.804907
   2.69284
  0.806743
   3.07473
  -1.80453
         0
   1.46572
   1.17712
 0.0698765
         0
         0
  -4.84205
   12.9002
   22.8309
         0

-0.0213489
 0.0697811
   2.69996
 0.0725924
   3.02665
 -0.480624
         0
  0.390654
  0.122569
 0.0687469
  0.288068
         0
   -2.7177
   8.42287
   22.2424
   2.48856

-0.0636281
 -0.424613
   2.65768
 -0.420974
   3.03627
  0.096034
         0
  0.390579
  0.149543
 0.0832575
  0.666116
         0
 0.0725707
    5.7671
   21.6635
   5.75443

-0.124634
-0.612086
  2.59667
-0.608025
  3.04538
0.0911567
        0
  1.28731
  1.11597
0.0312333
   1.0675
        0
  2.33166
  5.77975
  21.0773
  9.22191

-0.175133
-0.507781
  2.54617
-0.503796
  3.01556
-0.296585
        0
  1.24478
  1.12493
        0
  1.23659
        0
  2.90348
  10.4787
  20.4714
  10.6827

-0.207815
-0.329548
  2.51349
-0.325667
  2.98288
 -0.32526
        0
  1.18193
    1.116
        0
  1.29587
        0
  2.48501
  13.1061
  19.8513
  11.1947

 -0.221802
 -0.142292
    2.4995
 -0.138518
   2.96889
 -0.138785
         0
0.00786924
 0.0153096
         0
   1.32344
         0
   1.45662
   12.9565
   19.3354
   11.4329

 -0.220908
0.00654562
    2.5004
 0.0100853
   2.96978
 0.0101847
         0
0.00864267
 0.0753594
         0
   1.30197
0.00528355
   0.20373
   11.9809
   18.6783
   11.2931

 -0.212799
 0.0787724
   2.50851
 0.0822034
    2.9779
 0.0823055
         0
  0.726865
  0.844215
         0
   1.27146
0.00257228
 -0.910222
   11.0641
   18.0023
   11.0306

 -0.204072
 0.0849922
   2.51723
 0.0883864
   2.98662
 0.0884258
         0
  0.915531
   1.07402
         0
   1.26329
0.00294302
  -1.69431
   10.5623
   17.5643
   10.9587

-0.198954
0.0488947
  2.52235
0.0523496
  2.99174
0.0522948
        0
 0.410487
 0.600125
        0
  1.27302
        0
 -2.12365
  10.5125
  17.1751
  10.9974

  -0.198943
-0.00226541
    2.52236
 0.00126394
    2.99175
 0.00132056
          0
  0.0536481
   0.264872
          0
    1.30327
          0
   -2.23601
    10.8468
    16.7385
    11.2587

 -0.203353
-0.0466466
   2.51795
-0.0430296
   2.98734
-0.0426276
         0
 0.0404195
  0.268163
         0
   1.34488
         0
  -2.16288
   11.4187
   16.2398
   11.6181

 -0.210124
-0.0704258
   2.51118
-0.0667859
   2.98056
-0.0659107
         0
 0.0309903
  0.275202
         0
   1.39246
         0
  -2.03663
   12.0935
   15.6561
   12.0292

 -0.216816
-0.0694913
   2.50449
-0.0658308
   2.97387
-0.0654411
         0
  0.681744
  0.946753
         0
   1.43481
         0
  -2.03031
   12.6502
   15.1709
    12.395

 -0.221608
-0.0504851
    2.4997
-0.0468314
   2.96908
-0.0464361
         0
0.00469413
  0.286731
         0
   1.46043
         0
  -2.10309
   12.9458
   14.6005
   12.6164

 -0.223716
-0.0236042
   2.49759
-0.0200178
   2.96697
-0.0196078
         0
 0.0112005
  0.293522
         0
   1.46081
0.00227384
  -2.12375
    12.911
   14.0523
   12.6392

 -0.223342
0.00113058
   2.49796
0.00466406
   2.96734
0.00540429
         0
 0.0157066
  0.273442
         0
   1.43089
 0.0047799
  -1.97854
   12.5604
   13.4598
   12.4024

 -0.221161
 0.0193087
   2.50014
 0.0228051
   2.96952
 0.0233137
         0
  0.626568
  0.856874
         0
    1.3971
0.00570113
  -1.80414
   12.2003
   12.9013
   12.1331

-0.217733
0.0319127
  2.50357
0.0354182
  2.97296
0.0355033
        0
 0.616911
 0.816487
        0
  1.36309
0.0156765
 -1.65326
    11.71
  12.5622
  11.9804

 -0.21408
  0.03418
  2.50722
0.0376714
  2.97662
0.0377436
        0
 0.564609
 0.733718
        0
  1.32958
0.0212152
 -1.46403
  11.2988
  12.2007
  11.7563

-0.210897
0.0294943
  2.51041
0.0329807
   2.9798
0.0330337
        0
 0.600179
 0.736636
        0
  1.29643
0.0261283
 -1.22868
  10.9235
   11.919
  11.5982

-0.208585
 0.020769
  2.51272
0.0242586
  2.98211
0.0243299
        0
 0.567521
 0.673804
        0
  1.27285
0.0307966
-0.951368
  10.6959
  11.6326
  11.4248

-0.206912
0.0143722
  2.51439
0.0178586
  2.98378
0.0179399
        0
 0.567154
 0.644348
        0
  1.24961
0.0321237
-0.661021
  10.5226
  11.3752
  11.2718

-0.205522
0.0115587
  2.51578
0.0150347
  2.98516
0.0151297
        0
 0.568063
 0.616844
        0
  1.22523
0.0330266
-0.388398
  10.3312
  11.1109
   11.096

-0.204145
0.0114224
  2.51716
0.0148914
  2.98654
0.0149851
        0
 0.568186
 0.589468
        0
  1.20043
0.0332676
-0.129538
  10.1362
  10.8578
  10.9196

-0.202573
 0.013374
  2.51873
0.0168346
  2.98812
0.0169315
        0
 0.567987
 0.563095
        0
  1.17437
0.0326096
 0.103325
  9.92352
  10.6219
  10.7528

-0.200733
0.0160762
  2.52057
0.0195295
  2.98996
0.0196037
        0
 0.569625
  0.53708
        0
  1.14478
  0.03385
  0.31485
  9.63003
  10.4206
  10.6121

-0.198855
0.0164588
  2.52245
0.0199017
  2.99184
0.0199794
        0
 0.571902
 0.513481
        0
  1.12678
0.0434188
 0.523914
  9.37742
   10.223
  10.4626

-0.197096
 0.015276
  2.52421
0.0187195
   2.9936
0.0187732
        0
 0.574451
 0.490374
        0
     1.09
0.0341225
 0.729744
  9.12442
   10.036
  10.3157

-0.195584
 0.012808
  2.52572
0.0162351
  2.99511
0.0163301
        0
 0.572931
 0.465508
        0
  1.06773
0.0341007
 0.941076
  8.94146
  9.83641
  10.1584

-0.194283
0.0106977
  2.52702
 0.014104
   2.9964
0.0142158
        0
 0.579254
 0.439186
        0
   1.0439
0.0376961
  1.26835
   8.7496
   9.6116
  9.96744

-0.192718
 0.013356
  2.52859
0.0167313
  2.99797
0.0168666
        0
 0.610191
 0.426239
        0
  1.02807
0.0600888
  1.69668
  8.46839
  9.39073
  9.76586

-0.190365
0.0212618
  2.53094
 0.024619
  3.00032
0.0247205
        0
 0.627632
 0.385152
        0
 0.988205
0.0773234
  2.21481
  7.98798
  9.20017
  9.59424

-0.186946
0.0319368
  2.53436
0.0352576
  3.00375
 0.035363
        0
 0.645773
 0.344286
        0
 0.946554
0.0927901
  2.74126
  7.51121
  9.02044
  9.42043

 -0.18232
0.0440479
  2.53899
0.0473366
  3.00838
0.0474035
        0
 0.674995
 0.319155
        0
 0.918809
 0.121949
  3.18908
  6.99828
  8.86389
  9.26407

 -0.17656
0.0554152
  2.54474
0.0586298
   3.0141
0.0587533
        0
 0.691323
 0.286473
        0
 0.881221
 0.141329
  3.54447
  6.43759
  8.70613
  9.10045

-0.170421
0.0592207
  2.55088
 0.062419
  3.02028
0.0625169
        0
 0.715672
 0.272341
        0
 0.861209
  0.16939
  3.79418
  5.93983
  8.53524
  8.93005

 -0.16472
0.0548603
  2.55659
0.0580425
  3.02598
0.0581389
        0
 0.720715
 0.248158
        0
  0.83332
 0.181096
  3.95724
  5.50839
  8.36988
  8.76333

-0.160301
0.0420369
    2.561
0.0452176
   3.0304
0.0453154
        0
 0.723363
 0.226984
        0
 0.809297
 0.186259
  4.11672
  5.20992
  8.20985
   8.6004

-0.157623
0.0246144
  2.56368
0.0278045
  3.03307
0.0279084
        0
 0.724537
 0.207724
        0
 0.789751
 0.187293
   4.2919
  5.03072
  8.05361
  8.44048

-0.156639
0.0076692
  2.56467
0.0108785
  3.03405
0.0109835
        0
 0.726656
 0.188063
        0
 0.773175
  0.18581
  4.53763
   4.9579
  7.90206
  8.28447

   -0.156836
  -0.0041574
     2.56447
-0.000932904
     3.03385
-0.000822732
           0
    0.726898
    0.170614
           0
    0.757636
    0.183575
     4.72818
     4.88065
     7.75341
     8.13092

  -0.157882
 -0.0126582
    2.56342
-0.00941731
    3.03281
-0.00930911
          0
   0.725566
   0.155985
          0
   0.745343
   0.179344
    4.88813
     4.8561
    7.61554
    7.98818

 -0.159358
-0.0169677
   2.56195
-0.0137044
   3.03134
-0.0136172
         0
  0.723227
  0.143927
         0
  0.735446
  0.174313
   5.01377
   4.85596
   7.49116
   7.85921

 -0.160788
-0.0165053
   2.56052
-0.0132366
   3.02991
-0.0131467
         0
  0.719571
  0.133494
         0
  0.726322
  0.168822
   5.09944
   4.85166
   7.36945
   7.73296

 -0.161969
-0.0140254
   2.55934
 -0.010758
   3.02873
-0.0106545
         0
  0.714595
  0.124656
         0
   0.71892
  0.161873
   5.16226
   4.87707
   7.25011
   7.60899

   -0.16267
 -0.0092211
    2.55863
-0.00595828
    3.02803
-0.00585214
          0
   0.709334
   0.116365
          0
   0.710594
   0.156111
    5.19251
    4.85898
    7.13305
    7.48728

    -0.16286
 -0.00410785
     2.55844
-0.000852014
     3.02784
-0.000744627
           0
    0.703935
    0.108477
           0
    0.701783
    0.151087
     5.20286
      4.8151
     7.01826
     7.36776

   -0.162655
-0.000144387
     2.55865
   0.0031017
     3.02804
  0.00320955
           0
    0.698614
    0.100734
           0
     0.69255
    0.146692
       5.203
     4.75251
      6.9054
     7.25004

 -0.162256
0.00179299
   2.55905
0.00503176
   3.02844
0.00514467
         0
  0.693604
 0.0930043
         0
  0.683099
  0.142831
   5.20179
   4.67946
   6.79535
   7.13504

  -0.161973
0.000634072
    2.55933
 0.00387448
    3.02872
 0.00398623
          0
   0.688393
  0.0855087
          0
   0.674798
   0.137873
    5.21237
    4.64144
    6.68558
     7.0205

  -0.161888
-0.00135704
    2.55942
 0.00188209
    3.02881
 0.00200066
          0
   0.682978
  0.0784488
          0
   0.667926
   0.131867
    5.23331
    4.64063
     6.5778
    6.90924

  -0.161957
-0.00288635
    2.55935
0.000360822
    3.02874
0.000470745
          0
   0.677849
  0.0712867
          0
   0.660811
   0.126439
    5.25379
    4.62906
    6.47163
    6.80089

   -0.162078
 -0.00341213
     2.55923
-0.000163783
     3.02862
-5.31902e-05
           0
     0.67278
   0.0643986
           0
    0.654198
    0.120994
     5.27512
     4.62457
     6.36833
     6.69672

   -0.162197
 -0.00339804
     2.55911
-0.000150342
      3.0285
-3.77346e-05
           0
    0.667324
   0.0572675
           0
    0.647261
    0.115091
     5.29514
     4.62116
      6.2596
     6.58581

  -0.162265
-0.00288043
    2.55904
0.000367002
    3.02843
 0.00047943
          0
   0.661989
    0.05029
          0
   0.640376
   0.109566
    5.31177
    4.61187
    6.15323
    6.47859

  -0.162258
-0.00213028
    2.55905
 0.00111434
    3.02844
 0.00122969
          0
   0.656669
  0.0434758
          0
   0.633467
   0.103979
    5.32618
    4.60192
     6.0484
    6.37065

  -0.162163
-0.00125073
    2.55914
 0.00199275
    3.02853
 0.00210692
          0
   0.651617
  0.0367555
          0
    0.62664
  0.0992348
    5.33702
    4.58037
     5.9467
    6.27068

   -0.162037
-0.000936904
     2.55927
   0.0022993
     3.02866
  0.00242393
           0
    0.646293
   0.0304045
           0
    0.620659
   0.0939031
     5.34924
     4.57799
     5.84585
     6.17295

   -0.161855
-0.000377543
     2.55945
  0.00285632
     3.02884
  0.00298263
           0
    0.641404
   0.0240101
           0
    0.614261
   0.0893991
      5.3589
     4.55828
     5.74837
     6.07877

   -0.161655
-0.000197262
     2.55965
  0.00304252
     3.02904
  0.00315754
           0
    0.636963
   0.0175272
           0
    0.607453
   0.0858452
     5.36602
     4.51975
     5.65401
     5.98926

   -0.161518
-0.000833133
     2.55979
  0.00240073
     3.02918
  0.00252551
           0
    0.632056
   0.0116988
           0
    0.602421
   0.0808782
     5.38144
     4.52655
     5.56127
     5.90288

   -0.161398
-0.000999107
     2.55991
  0.00223398
      3.0293
  0.00236002
           0
     0.62765
  0.00597133
           0
    0.597327
   0.0770369
     5.39345
     4.51631
     5.47372
     5.82569

  -0.161372
-0.00191903
    2.56017
 0.00363101
    3.02932
 0.00144114
          0
   0.624152
          0
          0
   0.592579
  0.0736126
    5.40159
    4.51481
    5.39192
    5.75509

  -0.161844
 -0.0066072
    2.56145
  0.0132775
    3.02885
-0.00324238
          0
   0.625792
          0
          0
   0.591356
  0.0670804
    5.33244
    4.62066
    5.40609
     5.6881

   -0.16188
-0.00256323
    2.56215
 0.00795113
    3.02882
0.000799953
          0
   0.621361
0.000627503
          0
   0.588479
  0.0638612
    5.34169
    4.58288
    5.37323
    5.63543

  -0.162191
-0.00505876
    2.56348
  0.0138214
     3.0285
-0.00169213
          0
   0.621206
          0
          0
   0.587753
  0.0589125
    5.30268
    4.65989
    5.36647
    5.58641

  -0.162172
-0.00195393
    2.56446
   0.010729
    3.02852
  0.0014102
          0
   0.618303
          0
          0
    0.58547
   0.057568
    5.30639
    4.61862
    5.34139
    5.55507

   -0.162366
 -0.00389068
     2.56591
   0.0150616
     3.02833
-0.000523853
           0
    0.618285
           0
           0
    0.585247
   0.0538347
     5.27371
     4.67909
     5.34124
      5.5209

  -0.162309
-0.00154644
    2.56704
  0.0121586
    3.02839
  0.0018143
          0
   0.616139
          0
          0
   0.583049
  0.0534471
    5.27346
    4.62932
     5.3227
    5.49855

   -0.162493
 -0.00380726
     2.56845
   0.0146877
      3.0282
-0.000440171
           0
    0.615553
           0
           0
    0.583801
   0.0495842
     5.25531
     4.70394
     5.31764
     5.47168

  -0.162398
-0.00116182
    2.56958
  0.0122086
     3.0283
 0.00220349
          0
   0.613559
          0
          0
   0.582556
  0.0495977
    5.26123
    4.66499
    5.30041
    5.46105

  -0.162457
-0.00253041
    2.57105
  0.0151674
    3.02824
0.000832158
          0
   0.614435
          0
          0
   0.581645
  0.0488298
    5.23185
     4.6701
    5.30797
    5.44654

  -0.162434
-0.00187803
     2.5721
  0.0113834
    3.02826
 0.00148732
          0
   0.612176
          0
          0
   0.581474
  0.0476469
    5.24593
    4.66805
    5.28846
    5.43485

   -0.162604
 -0.00363148
     2.57351
    0.014571
      3.0281
-0.000266151
           0
    0.612937
           0
           0
    0.581412
   0.0462246
     5.22141
     4.69812
     5.29503
     5.42202

