   13.99
-5.14915
 5.14915
 23.5114
-6.10129
 6.10129

        0
  1.19405
-0.252712
  33.4264
 -6.68527
  6.68527

        0
  5.97174
 -4.25388
  34.5468
-0.647627
 0.647627

       0
 5.38844
-4.11591
 33.6005
 3.09528
-3.09528

  7.29316
-0.403168
 0.403168
  35.5683
  1.38161
 -1.38161

  19.4023
 -2.77734
  2.77734
  34.8846
 0.266013
-0.266013

 20.6642
-3.28973
 3.28973
 33.6455
-0.50291
 0.50291

  21.9344
 -3.39457
  3.39457
   33.046
-0.553125
 0.553125

  22.5447
 -3.32467
  3.32467
  33.5082
-0.509219
 0.509219

  22.7838
 -3.26573
  3.26573
  32.9188
-0.469369
 0.469369

 22.9246
-3.25104
 3.25104
 32.3495
-0.46352
 0.46352

   23.013
 -3.25023
  3.25023
  31.7918
-0.466747
 0.466747

 23.0669
-3.25079
 3.25079
 31.2428
-0.47001
 0.47001

  23.0994
 -3.25046
  3.25046
  30.7019
-0.471302
 0.471302

  23.1169
  -3.2496
   3.2496
  30.1694
-0.471671
 0.471671

  23.1237
 -3.24877
  3.24877
  29.6458
-0.471885
 0.471885

  23.1247
 -3.24842
  3.24842
  29.1308
-0.472136
 0.472136

  23.1275
  -3.2512
   3.2512
  28.6257
-0.475388
 0.475388

   23.136
 -3.25661
  3.25661
  28.1286
-0.479721
 0.479721

   23.152
 -3.25532
  3.25532
  27.6389
-0.479195
 0.479195

  23.1704
 -3.25443
  3.25443
  27.1564
-0.477676
 0.477676

  23.1882
 -3.25345
  3.25345
  26.6822
-0.476269
 0.476269

  23.2046
 -3.25289
  3.25289
  26.2162
-0.475465
 0.475465

  23.2199
 -3.25287
  3.25287
  25.7583
-0.475109
 0.475109

  23.2338
 -3.25297
  3.25297
  25.3082
-0.475082
 0.475082

  23.2462
 -3.25289
  3.25289
  24.8656
-0.474804
 0.474804

  23.2579
 -3.25313
  3.25313
  24.4305
-0.474776
 0.474776

  23.2688
   -3.253
    3.253
  24.0025
-0.474403
 0.474403

  23.2774
 -3.25289
  3.25289
  23.5821
-0.474361
 0.474361

  23.2858
 -3.25291
  3.25291
  23.1686
-0.474254
 0.474254

  23.2926
 -3.25285
  3.25285
   22.762
-0.474074
 0.474074

 23.2992
-3.25292
 3.25292
 22.3623
-0.47399
 0.47399

  23.3049
   -3.253
    3.253
  21.9694
-0.473998
 0.473998

  23.3099
 -3.25288
  3.25288
   21.583
-0.473847
 0.473847

   23.315
 -3.25394
  3.25394
  21.2026
-0.473812
 0.473812

  23.3209
 -3.25361
  3.25361
  20.8287
-0.473175
 0.473175

   23.326
 -3.25361
  3.25361
  20.4612
-0.472959
 0.472959

    23.33
 -3.25374
  3.25374
     20.1
-0.473055
 0.473055

  23.3339
 -3.25375
  3.25375
  19.7449
-0.472965
 0.472965

  23.3384
 -3.25272
  3.25272
  19.3964
-0.472977
 0.472977

  23.3416
  -3.2532
   3.2532
  19.0536
-0.473414
 0.473414

 23.3451
-3.25315
 3.25315
 18.7161
-0.47319
 0.47319

  23.3474
 -3.25292
  3.25292
  18.3845
-0.473087
 0.473087

  23.3498
 -3.25316
  3.25316
  18.0584
-0.473111
 0.473111

  23.3513
 -3.25275
  3.25275
  17.7378
-0.472812
 0.472812

 23.3538
 -3.2532
  3.2532
 17.4226
-0.47303
 0.47303

  23.3554
 -3.59807
  3.59807
  5.68478
 0.653554
-0.321588

 23.2203
-1.71595
 1.71595
       0
 2.76508
-1.71984

    23.5
-1.87769
 1.87769
       0
 1.75071
 -1.0522

   22.6311
  -2.18285
   2.18285
 0.0438619
  0.430962
0.00984613

 22.0301
-2.35316
 2.35316
 7.42938
-2.29099
 2.29099

  22.059
-1.16702
 1.16702
 18.9802
-3.43054
 3.43054

 9.87344
 1.44808
-1.05539
 24.1911
-3.85087
 3.85087

       0
 4.17518
-3.07422
 24.4803
-2.26155
 2.26155

2.74381e-06
    3.93484
   -2.81057
    25.1786
  -0.719756
   0.719756

2.69768e-06
    1.80099
    -1.2066
    25.2358
   -1.18354
    1.18354

  6.1636
-1.83238
 1.83238
 23.7033
-1.81568
 1.81568

 20.2844
-3.68054
 3.68054
 23.3047
-1.27577
 1.27577

 26.0321
-4.04537
 4.04537
 11.6106
 1.38488
 -1.0392

  26.435
-3.37633
 3.37633
       0
 4.14733
 -2.9365

    26.0011
  -0.907178
   0.907178
4.43124e-06
    4.94962
   -3.69313

    27.4419
  -0.264551
   0.264551
4.35673e-06
    3.43696
   -2.51726

    26.9847
   -1.21484
    1.21484
4.28348e-06
    1.06027
   -0.64708

 24.6878
-1.99539
 1.99539
 6.09299
-1.91164
 1.91164

 24.5294
-1.55377
 1.55377
 17.4416
-3.39313
 3.39313

   25.3743
-0.0322797
 0.0322797
    24.791
  -3.73479
   3.73479

 8.55785
 2.66736
-1.88542
 28.4239
-4.76959
 4.76959

       0
 6.17585
-4.59239
 27.5487
-2.91092
 2.91092

4.05804e-06
    6.84623
   -5.37805
    27.0821
  0.0059677
 -0.0059677

3.98981e-06
    4.63742
   -3.57971
    29.0628
  -0.103867
   0.103867

3.9197e-06
   1.75578
  -1.24369
   28.3367
  -1.25659
   1.25659

 4.78021
-1.72149
 1.72149
 25.7073
-2.00891
 2.00891

 17.6915
-3.51988
 3.51988
 25.3689
-1.73231
 1.73231

    24.5631
   -3.68376
    3.68376
    26.4486
 0.00142379
-0.00142379

 28.6173
-4.58562
 4.58562
 11.3785
 2.44471
-1.81584

 28.6562
-3.94882
 3.94882
       0
 5.66889
-4.08294

 27.4659
-2.19923
 2.19923
       0
 7.74955
-5.78459

  26.4897
-0.168895
 0.168895
        0
   7.5572
 -5.78332

  27.1593
 0.943817
-0.943817
        0
   5.1649
 -4.05206

  27.8058
-0.495232
 0.495232
        0
  1.75657
 -1.33564

 24.5449
-1.60405
 1.60405
 3.71028
-1.35856
 1.35856

 24.1675
-1.89136
 1.89136
 11.9024
-2.73103
 2.73103

 24.5635
-0.78169
 0.78169
 15.8898
-2.77431
 2.77431

    25.088
 0.0572627
-0.0572627
    19.586
  -2.90927
   2.90927

  24.1149
 0.534387
-0.534387
  22.8986
 -3.16759
  3.16759

  23.3227
 0.784602
-0.784602
  25.8305
 -3.48228
  3.48228

 16.5735
 1.63911
-1.39997
 28.2809
-3.99882
 3.99882

-8.88178e-16
     3.74252
    -2.50322
     28.1929
    -4.46039
     4.46039

       0
 6.68462
-4.87816
  28.679
-4.04284
 4.04284

       0
 8.44237
-6.41747
 28.1595
-1.84154
 1.84154

        0
  8.04444
 -6.24254
  28.5023
 0.787618
-0.787618

9.58828e-06
    5.25959
   -4.23945
    28.6099
    1.24812
   -1.24812

         0
   1.66304
  -1.32219
   26.1096
 0.0406806
-0.0406806

 7.48843
 -1.6577
  1.6577
 25.1864
-1.06888
 1.06888

 12.9117
-2.78987
 2.78987
 24.8435
-1.70622
 1.70622

 13.1079
-2.67345
 2.67345
 24.7906
-1.41454
 1.41454

  15.2156
 -2.35924
  2.35924
  26.1532
-0.153796
 0.153796

 16.1942
-2.28944
 2.28944
 25.2132
 0.27938
-0.27938

  16.8828
 -2.43173
  2.43173
  24.7935
 0.201394
-0.201394

   17.4697
   -2.6075
    2.6075
   24.4316
 0.0259031
-0.0259031

   18.0077
   -2.7398
    2.7398
   24.0329
-0.0772741
 0.0772741

   18.5882
  -2.82237
   2.82237
   23.5661
-0.0682752
 0.0682752

    19.1176
   -2.86284
    2.86284
    23.0645
 0.00958937
-0.00958937

 19.7133
-2.90493
 2.90493
 22.5547
 0.10415
-0.10415

  20.2672
 -2.95023
  2.95023
  22.0669
 0.179711
-0.179711

  20.7915
 -3.00325
  3.00325
  21.6038
 0.230959
-0.230959

  21.2387
 -3.04553
  3.04553
  21.1534
 0.280534
-0.280534

   21.666
 -3.09048
  3.09048
  20.7182
 0.318845
-0.318845

  22.0751
 -3.13341
  3.13341
  20.2916
 0.355692
-0.355692

  22.4544
 -3.17177
  3.17177
  19.8732
 0.392778
-0.392778

  22.8127
 -3.20742
  3.20742
  19.4628
 0.428974
-0.428974

  23.1482
 -3.24062
  3.24062
  19.0614
 0.463232
-0.463232

   23.463
 -3.27185
  3.27185
  18.6688
 0.495206
-0.495206

  23.7591
 -3.30141
  3.30141
  18.2848
 0.524911
-0.524911

  24.0136
 -3.32299
  3.32299
  17.9071
 0.558106
-0.558106

  24.4117
 -3.44945
  3.44945
   14.329
 0.893796
-0.796446

 24.2938
-3.57118
 3.57118
 5.09696
 2.08541
-1.44084

 23.9856
 -3.2697
  3.2697
       0
 4.09515
-2.90621

 23.1694
-2.59614
 2.59614
       0
 5.81592
 -4.3398

  22.8325
 -1.83352
  1.83352
0.0293948
  6.45338
 -4.92411

 23.9927
-1.15702
 1.15702
       0
 6.09461
-4.70997

    21.21
-0.662196
 0.662196
 0.173882
    4.908
 -3.82632

  20.6828
-0.434564
 0.434564
 0.353889
     2.78
  -2.1691

   20.188
-0.440911
 0.440911
        0
 0.437152
-0.297399

  21.7291
-0.629618
 0.629618
  2.20049
 -1.11971
  1.25721

  21.1234
-0.877077
 0.877077
  5.08832
 -1.83777
  2.00429

 18.6741
-1.07721
 1.07721
 8.15441
-2.00035
 2.06282

 18.1017
 -1.1277
  1.1277
 9.44608
-1.98076
 1.98076

 17.5534
-1.09061
 1.09061
 9.89887
-2.03013
 2.03013

  19.3122
-0.999581
 0.999581
  10.1095
 -2.01621
  2.01621

  18.5943
-0.888587
 0.888587
  9.98586
 -1.93006
  1.93006

  16.4312
-0.789991
 0.789991
  9.75655
 -1.84891
  1.84891

  15.5748
-0.720626
 0.720626
  9.69243
 -1.80444
  1.80444

  16.1645
-0.682715
 0.682715
  9.72436
 -1.80001
  1.80001

    16.42
-0.672845
 0.672845
  9.95544
 -1.82974
  1.82974

 15.9312
-0.67939
 0.67939
 10.2733
-1.88068
 1.88068

  15.3499
-0.690573
 0.690573
  10.6367
 -1.94079
  1.94079

  13.5424
-0.691151
 0.691151
  10.9602
 -1.98961
  1.98961

   14.309
-0.684709
 0.684709
  11.1559
 -2.01574
  2.01574

  13.7475
-0.682823
 0.682823
  11.1762
 -2.01262
  2.01262

  13.1706
-0.695616
 0.695616
  10.9667
 -1.98187
  1.98187

  11.4179
-0.711005
 0.711005
  10.7303
 -1.94979
  1.94979

  11.1288
-0.724354
 0.724354
  10.6016
 -1.90606
  1.90606

  10.9024
-0.741074
 0.741074
  10.4055
 -1.86968
  1.86968

  10.5821
-0.761881
 0.761881
  10.2757
 -1.83647
  1.83647

  10.3913
-0.786404
 0.786404
  10.1212
 -1.81637
  1.81637

  10.1637
-0.812075
 0.812075
   9.9901
 -1.80105
  1.80105

  9.92601
-0.836172
 0.836172
   9.8377
 -1.78413
  1.78413

  9.70015
-0.859056
 0.859056
  9.68589
 -1.76688
  1.76688

  9.49082
-0.879639
 0.879639
  9.54578
 -1.74807
  1.74807

  9.31392
-0.898336
 0.898336
  9.43344
 -1.72209
  1.72209

  9.13762
-0.916814
 0.916814
  9.29242
 -1.69975
  1.69975

  8.97113
-0.935014
 0.935014
  9.19157
 -1.67736
  1.67736

  8.79797
-0.953687
 0.953687
  9.05657
  -1.6612
   1.6612

  8.59316
-0.982608
 0.982608
  8.88584
 -1.64423
  1.64423

  8.3543
-1.02046
 1.02046
 8.67771
-1.61936
 1.61936

 8.18739
-1.06625
 1.06625
 8.52871
-1.57683
 1.57683

 8.03038
-1.11277
 1.11277
 8.38108
-1.53465
 1.53465

 7.86973
-1.15234
 1.15234
 8.22331
-1.48923
 1.48923

 7.72833
 -1.1837
  1.1837
  8.0779
-1.43963
 1.43963

 7.54722
-1.20577
 1.20577
 7.89945
-1.39558
 1.39558

 7.40101
-1.22017
 1.22017
 7.74892
-1.35742
 1.35742

 7.25951
-1.23427
 1.23427
 7.60484
-1.33103
 1.33103

 7.12135
-1.24977
 1.24977
 7.46343
-1.31519
 1.31519

 6.98734
-1.27152
 1.27152
 7.32549
-1.30877
 1.30877

  6.8559
-1.28838
 1.28838
 7.18971
-1.30196
 1.30196

 6.73398
-1.30254
 1.30254
 7.06349
 -1.2998
  1.2998

 6.62401
-1.31367
 1.31367
 6.94946
-1.29979
 1.29979

 6.51638
-1.32125
 1.32125
 6.83781
-1.29942
 1.29942

 6.41086
 -1.3268
  1.3268
 6.72819
-1.30167
 1.30167

 6.30735
-1.32947
 1.32947
 6.62058
-1.30007
 1.30007

 6.20585
-1.33038
 1.33038
 6.51489
-1.29619
 1.29619

 6.10605
-1.33038
 1.33038
  6.4108
-1.29065
 1.29065

 6.00874
-1.33027
 1.33027
 6.30911
-1.28418
 1.28418

 5.91168
-1.33121
 1.33121
 6.20783
-1.28082
 1.28082

 5.81638
-1.33306
 1.33306
 6.10945
-1.28076
 1.28076

 5.72249
-1.33488
 1.33488
 6.01364
-1.27973
 1.27973

 5.63115
-1.33676
 1.33676
 5.92153
-1.27934
 1.27934

 5.53501
-1.33853
 1.33853
 5.82345
-1.27904
 1.27904

 5.44095
   -1.34
    1.34
 5.72865
-1.27821
 1.27821

 5.34826
-1.34128
 1.34128
  5.6332
-1.27734
 1.27734

 5.25833
-1.34223
 1.34223
 5.54481
-1.27543
 1.27543

 5.16915
-1.34331
 1.34331
 5.45839
-1.27522
 1.27522

 5.08296
-1.34416
 1.34416
 5.37511
-1.27348
 1.27348

 4.99952
-1.34479
 1.34479
 5.29596
-1.27006
 1.27006

 4.91751
-1.34615
 1.34615
 5.21958
-1.27067
 1.27067

  4.8401
-1.34721
 1.34721
 5.15132
-1.26976
 1.26976

 4.76777
-1.34998
 1.34998
  5.0889
-1.26963
 1.26963

  4.7803
-1.35654
 1.35654
 5.02966
  -1.279
   1.279

 4.75124
-1.34907
 1.34907
 4.98309
-1.27565
 1.27565

 4.74526
-1.35302
 1.35302
 4.93974
-1.28247
 1.28247

 4.72309
-1.34787
 1.34787
 4.91203
-1.27882
 1.27882

 4.72295
-1.35053
 1.35053
 4.88181
-1.28417
 1.28417

 4.70656
-1.34586
 1.34586
 4.86206
-1.27976
 1.27976

 4.70208
-1.34849
 1.34849
  4.8383
-1.28636
 1.28636

 4.68685
-1.34449
 1.34449
 4.82889
-1.28292
 1.28292

 4.69354
-1.34571
 1.34571
 4.81607
-1.28337
 1.28337

 4.67628
-1.34304
 1.34304
 4.80573
-1.28319
 1.28319

  4.6821
-1.34524
 1.34524
 4.79438
-1.28585
 1.28585

