
-7.564260566374007e-18 -0.5 0.5 -0.4 1.3366133947309556e-19 0.0 -0.15545343246648174 0.0 0.32197964293712894
0.004999999999999986 -0.504 0.47779745979073124 -0.5669850954048953 6.316983400276101 0.0 -0.24489292290362427 0.0 0.3209406114072303
0.00977797459790729 -0.5096698509540489 0.4842529602235007 -0.09357041086090345 5.853793237058644 0.0 -0.3193389092597264 0.0 0.3295478468622163
0.01462050420014229 -0.510605555062658 0.48761252153584433 0.3307203087354698 5.462474997896221 0.0 -0.3802617771839071 0.0 0.33535658578717964
0.01949662941550073 -0.5072983519753033 0.48851742427452954 0.7144219244425085 5.136307424988467 0.0 -0.4288838892188686 0.0 0.3386305958618984
0.024381803658246017 -0.5001541327308782 0.4875482936672662 1.0652754355704481 4.8699218910308435 0.0 -0.4662020795222507 0.0 0.3395894360937331
0.029257286594918667 -0.4895013783751737 0.48523629732679524 1.3903775856008445 4.659189297808435 0.0 -0.4930058532613692 0.0 0.33841254615722643
0.034109649568186615 -0.47559760251916533 0.4820733878446488 1.6963178756210824 4.5011337046322595 0.0 -0.5098916421825584 0.0 0.33524257556830034
0.0389303834466331 -0.45863442376295455 0.47852179269265505 1.989305742390976 4.393870820204692 0.0 -0.5172733891474641 0.0 0.33018801683506144
0.04371560137355965 -0.43874136633904476 0.4750229388919735 2.2752904594314916 4.336570037011841 0.0 -0.5153896611878673 0.0 0.3233251929263163

-7.564260566374007e-18 -0.5 0.5 -0.4 1.3366133947309556e-19 0.0 -0.15545343246648174 0.0 0.32197964293712894
0.004999999999999986 -0.504 0.47779745979073124 -0.5669850954048953 6.316983400276101 0.0 -0.24489292290362427 0.0 0.3209406114072303
0.00977797459790729 -0.5096698509540489 0.4842529602235007 -0.09357041086090345 5.853793237058644 0.0 -0.3193389092597264 0.0 0.3295478468622163
0.01462050420014229 -0.510605555062658 0.48761252153584433 0.3307203087354698 5.462474997896221 0.0 -0.3802617771839071 0.0 0.33535658578717964
0.01949662941550073 -0.5072983519753033 0.48851742427452954 0.7144219244425085 5.136307424988467 0.0 -0.4288838892188686 0.0 0.3386305958618984
0.024381803658246017 -0.5001541327308782 0.4875482936672662 1.0652754355704481 4.8699218910308435 0.0 -0.4662020795222507 0.0 0.3395894360937331
0.029257286594918667 -0.4895013783751737 0.48523629732679524 1.3903775856008445 4.659189297808435 0.0 -0.4930058532613692 0.0 0.33841254615722643
0.034109649568186615 -0.47559760251916533 0.4820733878446488 1.6963178756210824 4.5011337046322595 0.0 -0.5098916421825584 0.0 0.33524257556830034
0.0389303834466331 -0.45863442376295455 0.47852179269265505 1.989305742390976 4.393870820204692 0.0 -0.5172733891474641 0.0 0.33018801683506144
0.04371560137355965 -0.43874136633904476 0.4750229388919735 2.2752904594314916 4.336570037011841 0.0 -0.5153896611878673 0.0 0.3233251929263163

-7.564260566374007e-18 -0.5 0.5 -0.4 1.3366133947309556e-19 0.0 -0.15545343246648174 0.0 0.32197964293712894
0.004999999999999986 -0.504 0.47779745979073124 -0.5669850954048953 6.316983400276101 0.0 -0.24489292290362427 0.0 0.3209406114072303
0.00977797459790729 -0.5096698509540489 0.4842529602235007 -0.09357041086090345 5.853793237058644 0.0 -0.3193389092597264 0.0 0.3295478468622163
0.01462050420014229 -0.510605555062658 0.48761252153584433 0.3307203087354698 5.462474997896221 0.0 -0.3802617771839071 0.0 0.33535658578717964
0.01949662941550073 -0.5072983519753033 0.48851742427452954 0.7144219244425085 5.136307424988467 0.0 -0.4288838892188686 0.0 0.3386305958618984
0.024381803658246017 -0.5001541327308782 0.4875482936672662 1.0652754355704481 4.8699218910308435 0.0 -0.4662020795222507 0.0 0.3395894360937331
0.029257286594918667 -0.4895013783751737 0.48523629732679524 1.3903775856008445 4.659189297808435 0.0 -0.4930058532613692 0.0 0.33841254615722643
0.034109649568186615 -0.47559760251916533 0.4820733878446488 1.6963178756210824 4.5011337046322595 0.0 -0.5098916421825584 0.0 0.33524257556830034
0.0389303834466331 -0.45863442376295455 0.47852179269265505 1.989305742390976 4.393870820204692 0.0 -0.5172733891474641 0.0 0.33018801683506144
0.04371560137355965 -0.43874136633904476 0.4750229388919735 2.2752904594314916 4.336570037011841 0.0 -0.5153896611878673 0.0 0.3233251929263163

-7.564260566374007e-18 -0.5 0.5 -0.4 1.3366133947309556e-19 0.0 -0.15545343246648174 0.0 0.32197964293712894
0.004999999999999986 -0.504 0.47779745979073124 -0.5669850954048953 6.316983400276101 0.0 -0.24489292290362427 0.0 0.3209406114072303
0.00977797459790729 -0.5096698509540489 0.4842529602235007 -0.09357041086090345 5.853793237058644 0.0 -0.3193389092597264 0.0 0.3295478468622163
0.01462050420014229 -0.510605555062658 0.48761252153584433 0.3307203087354698 5.462474997896221 0.0 -0.3802617771839071 0.0 0.33535658578717964
0.01949662941550073 -0.5072983519753033 0.48851742427452954 0.7144219244425085 5.136307424988467 0.0 -0.4288838892188686 0.0 0.3386305958618984
0.024381803658246017 -0.5001541327308782 0.4875482936672662 1.0652754355704481 4.8699218910308435 0.0 -0.4662020795222507 0.0 0.3395894360937331
0.029257286594918667 -0.4895013783751737 0.48523629732679524 1.3903775856008445 4.659189297808435 0.0 -0.4930058532613692 0.0 0.33841254615722643
0.034109649568186615 -0.47559760251916533 0.4820733878446488 1.6963178756210824 4.5011337046322595 0.0 -0.5098916421825584 0.0 0.33524257556830034
0.0389303834466331 -0.45863442376295455 0.47852179269265505 1.989305742390976 4.393870820204692 0.0 -0.5172733891474641 0.0 0.33018801683506144
0.04371560137355965 -0.43874136633904476 0.4750229388919735 2.2752904594314916 4.336570037011841 0.0 -0.5153896611878673 0.0 0.3233251929263163

-7.564260566374007e-18 -0.5 0.5 -0.4 1.3366133947309556e-19 0.0 -0.15545343246648174 0.0 0.32197964293712894
0.004999999999999986 -0.504 0.47779745979073124 -0.5669850954048953 6.316983400276101 0.0 -0.24489292290362427 0.0 0.3209406114072303
0.00977797459790729 -0.5096698509540489 0.4842529602235007 -0.09357041086090345 5.853793237058644 0.0 -0.3193389092597264 0.0 0.3295478468622163
0.01462050420014229 -0.510605555062658 0.48761252153584433 0.3307203087354698 5.462474997896221 0.0 -0.3802617771839071 0.0 0.33535658578717964
0.01949662941550073 -0.5072983519753033 0.48851742427452954 0.7144219244425085 5.136307424988467 0.0 -0.4288838892188686 0.0 0.3386305958618984
0.024381803658246017 -0.5001541327308782 0.4875482936672662 1.0652754355704481 4.8699218910308435 0.0 -0.4662020795222507 0.0 0.3395894360937331
0.029257286594918667 -0.4895013783751737 0.48523629732679524 1.3903775856008445 4.659189297808435 0.0 -0.4930058532613692 0.0 0.33841254615722643
0.034109649568186615 -0.47559760251916533 0.4820733878446488 1.6963178756210824 4.5011337046322595 0.0 -0.5098916421825584 0.0 0.33524257556830034
0.0389303834466331 -0.45863442376295455 0.47852179269265505 1.989305742390976 4.393870820204692 0.0 -0.5172733891474641 0.0 0.33018801683506144
0.04371560137355965 -0.43874136633904476 0.4750229388919735 2.2752904594314916 4.336570037011841 0.0 -0.5153896611878673 0.0 0.3233251929263163

-7.564260566374007e-18 -0.5 0.5 -0.4 1.3366133947309556e-19 0.0 -0.15545343246648174 0.0 0.32197964293712894
0.004999999999999986 -0.504 0.47779745979073124 -0.5669850954048953 6.316983400276101 0.0 -0.24489292290362427 0.0 0.3209406114072303
0.00977797459790729 -0.5096698509540489 0.4842529602235007 -0.09357041086090345 5.853793237058644 0.0 -0.3193389092597264 0.0 0.3295478468622163
0.01462050420014229 -0.510605555062658 0.48761252153584433 0.3307203087354698 5.462474997896221 0.0 -0.3802617771839071 0.0 0.33535658578717964
0.01949662941550073 -0.5072983519753033 0.48851742427452954 0.7144219244425085 5.136307424988467 0.0 -0.4288838892188686 0.0 0.3386305958618984
0.024381803658246017 -0.5001541327308782 0.4875482936672662 1.0652754355704481 4.8699218910308435 0.0 -0.4662020795222507 0.0 0.3395894360937331
0.029257286594918667 -0.4895013783751737 0.48523629732679524 1.3903775856008445 4.659189297808435 0.0 -0.4930058532613692 0.0 0.33841254615722643
0.034109649568186615 -0.47559760251916533 0.4820733878446488 1.6963178756210824 4.5011337046322595 0.0 -0.5098916421825584 0.0 0.33524257556830034
0.0389303834466331 -0.45863442376295455 0.47852179269265505 1.989305742390976 4.393870820204692 0.0 -0.5172733891474641 0.0 0.33018801683506144
0.04371560137355965 -0.43874136633904476 0.4750229388919735 2.2752904594314916 4.336570037011841 0.0 -0.5153896611878673 0.0 0.3233251929263163

-7.564260566374007e-18 -0.5 0.5 -0.4 1.3366133947309556e-19 0.0 -0.15545343246648174 0.0 0.32197964293712894
0.004999999999999986 -0.504 0.47779745979073124 -0.5669850954048953 6.316983400276101 0.0 -0.24489292290362427 0.0 0.3209406114072303
0.00977797459790729 -0.5096698509540489 0.4842529602235007 -0.09357041086090345 5.853793237058644 0.0 -0.3193389092597264 0.0 0.3295478468622163
0.01462050420014229 -0.510605555062658 0.48761252153584433 0.3307203087354698 5.462474997896221 0.0 -0.3802617771839071 0.0 0.33535658578717964
0.01949662941550073 -0.5072983519753033 0.48851742427452954 0.7144219244425085 5.136307424988467 0.0 -0.4288838892188686 0.0 0.3386305958618984
0.024381803658246017 -0.5001541327308782 0.4875482936672662 1.0652754355704481 4.8699218910308435 0.0 -0.4662020795222507 0.0 0.3395894360937331
0.029257286594918667 -0.4895013783751737 0.48523629732679524 1.3903775856008445 4.659189297808435 0.0 -0.4930058532613692 0.0 0.33841254615722643
0.034109649568186615 -0.47559760251916533 0.4820733878446488 1.6963178756210824 4.5011337046322595 0.0 -0.5098916421825584 0.0 0.33524257556830034
0.0389303834466331 -0.45863442376295455 0.47852179269265505 1.989305742390976 4.393870820204692 0.0 -0.5172733891474641 0.0 0.33018801683506144
0.04371560137355965 -0.43874136633904476 0.4750229388919735 2.2752904594314916 4.336570037011841 0.0 -0.5153896611878673 0.0 0.3233251929263163

-7.564260566374007e-18 -0.5 0.5 -0.4 1.3366133947309556e-19 0.0 -0.15545343246648174 0.0 0.32197964293712894
0.004999999999999986 -0.504 0.47779745979073124 -0.5669850954048953 6.316983400276101 0.0 -0.24489292290362427 0.0 0.3209406114072303
0.00977797459790729 -0.5096698509540489 0.4842529602235007 -0.09357041086090345 5.853793237058644 0.0 -0.3193389092597264 0.0 0.3295478468622163
0.01462050420014229 -0.510605555062658 0.48761252153584433 0.3307203087354698 5.462474997896221 0.0 -0.3802617771839071 0.0 0.33535658578717964
0.01949662941550073 -0.5072983519753033 0.48851742427452954 0.7144219244425085 5.136307424988467 0.0 -0.4288838892188686 0.0 0.3386305958618984
0.024381803658246017 -0.5001541327308782 0.4875482936672662 1.0652754355704481 4.8699218910308435 0.0 -0.4662020795222507 0.0 0.3395894360937331
0.029257286594918667 -0.4895013783751737 0.48523629732679524 1.3903775856008445 4.659189297808435 0.0 -0.4930058532613692 0.0 0.33841254615722643
0.034109649568186615 -0.47559760251916533 0.4820733878446488 1.6963178756210824 4.5011337046322595 0.0 -0.5098916421825584 0.0 0.33524257556830034
0.0389303834466331 -0.45863442376295455 0.47852179269265505 1.989305742390976 4.393870820204692 0.0 -0.5172733891474641 0.0 0.33018801683506144
0.04371560137355965 -0.43874136633904476 0.4750229388919735 2.2752904594314916 4.336570037011841 0.0 -0.5153896611878673 0.0 0.3233251929263163

-7.564260566374007e-18 -0.5 0.5 -0.4 1.3366133947309556e-19 0.0 -0.15545343246648174 0.0 0.32197964293712894
0.004999999999999986 -0.504 0.47779745979073124 -0.5669850954048953 6.316983400276101 0.0 -0.24489292290362427 0.0 0.3209406114072303
0.00977797459790729 -0.5096698509540489 0.4842529602235007 -0.09357041086090345 5.853793237058644 0.0 -0.3193389092597264 0.0 0.3295478468622163
0.01462050420014229 -0.510605555062658 0.48761252153584433 0.3307203087354698 5.462474997896221 0.0 -0.3802617771839071 0.0 0.33535658578717964
0.01949662941550073 -0.5072983519753033 0.48851742427452954 0.7144219244425085 5.136307424988467 0.0 -0.4288838892188686 0.0 0.3386305958618984
0.024381803658246017 -0.5001541327308782 0.4875482936672662 1.0652754355704481 4.8699218910308435 0.0 -0.4662020795222507 0.0 0.3395894360937331
0.029257286594918667 -0.4895013783751737 0.48523629732679524 1.3903775856008445 4.659189297808435 0.0 -0.4930058532613692 0.0 0.33841254615722643
0.034109649568186615 -0.47559760251916533 0.4820733878446488 1.6963178756210824 4.5011337046322595 0.0 -0.5098916421825584 0.0 0.33524257556830034
0.0389303834466331 -0.45863442376295455 0.47852179269265505 1.989305742390976 4.393870820204692 0.0 -0.5172733891474641 0.0 0.33018801683506144
0.04371560137355965 -0.43874136633904476 0.4750229388919735 2.2752904594314916 4.336570037011841 0.0 -0.5153896611878673 0.0 0.3233251929263163

-7.564260566374007e-18 -0.5 0.5 -0.4 1.3366133947309556e-19 0.0 -0.15545343246648174 0.0 0.32197964293712894
0.004999999999999986 -0.504 0.47779745979073124 -0.5669850954048953 6.316983400276101 0.0 -0.24489292290362427 0.0 0.3209406114072303
0.00977797459790729 -0.5096698509540489 0.4842529602235007 -0.09357041086090345 5.853793237058644 0.0 -0.3193389092597264 0.0 0.3295478468622163
0.01462050420014229 -0.510605555062658 0.48761252153584433 0.3307203087354698 5.462474997896221 0.0 -0.3802617771839071 0.0 0.33535658578717964
0.01949662941550073 -0.5072983519753033 0.48851742427452954 0.7144219244425085 5.136307424988467 0.0 -0.4288838892188686 0.0 0.3386305958618984
0.024381803658246017 -0.5001541327308782 0.4875482936672662 1.0652754355704481 4.8699218910308435 0.0 -0.4662020795222507 0.0 0.3395894360937331
0.029257286594918667 -0.4895013783751737 0.48523629732679524 1.3903775856008445 4.659189297808435 0.0 -0.4930058532613692 0.0 0.33841254615722643
0.034109649568186615 -0.47559760251916533 0.4820733878446488 1.6963178756210824 4.5011337046322595 0.0 -0.5098916421825584 0.0 0.33524257556830034
0.0389303834466331 -0.45863442376295455 0.47852179269265505 1.989305742390976 4.393870820204692 0.0 -0.5172733891474641 0.0 0.33018801683506144
0.04371560137355965 -0.43874136633904476 0.4750229388919735 2.2752904594314916 4.336570037011841 0.0 -0.5153896611878673 0.0 0.3233251929263163

-7.564260566374007e-18 -0.5 0.5 -0.4 1.3366133947309556e-19 0.0 -0.15545343246648174 0.0 0.32197964293712894
0.004999999999999986 -0.504 0.47779745979073124 -0.5669850954048953 6.316983400276101 0.0 -0.24489292290362427 0.0 0.3209406114072303
0.00977797459790729 -0.5096698509540489 0.4842529602235007 -0.09357041086090345 5.853793237058644 0.0 -0.3193389092597264 0.0 0.3295478468622163
0.01462050420014229 -0.510605555062658 0.48761252153584433 0.3307203087354698 5.462474997896221 0.0 -0.3802617771839071 0.0 0.33535658578717964
0.01949662941550073 -0.5072983519753033 0.48851742427452954 0.7144219244425085 5.136307424988467 0.0 -0.4288838892188686 0.0 0.3386305958618984
0.024381803658246017 -0.5001541327308782 0.4875482936672662 1.0652754355704481 4.8699218910308435 0.0 -0.4662020795222507 0.0 0.3395894360937331
0.029257286594918667 -0.4895013783751737 0.48523629732679524 1.3903775856008445 4.659189297808435 0.0 -0.4930058532613692 0.0 0.33841254615722643
0.034109649568186615 -0.47559760251916533 0.4820733878446488 1.6963178756210824 4.5011337046322595 0.0 -0.5098916421825584 0.0 0.33524257556830034
0.0389303834466331 -0.45863442376295455 0.47852179269265505 1.989305742390976 4.393870820204692 0.0 -0.5172733891474641 0.0 0.33018801683506144
0.04371560137355965 -0.43874136633904476 0.4750229388919735 2.2752904594314916 4.336570037011841 0.0 -0.5153896611878673 0.0 0.3233251929263163

-7.564260566374007e-18 -0.5 0.5 -0.4 1.3366133947309556e-19 0.0 -0.15545343246648174 0.0 0.32197964293712894
0.004999999999999986 -0.504 0.47779745979073124 -0.5669850954048953 6.316983400276101 0.0 -0.24489292290362427 0.0 0.3209406114072303
0.00977797459790729 -0.5096698509540489 0.4842529602235007 -0.09357041086090345 5.853793237058644 0.0 -0.3193389092597264 0.0 0.3295478468622163
0.01462050420014229 -0.510605555062658 0.48761252153584433 0.3307203087354698 5.462474997896221 0.0 -0.3802617771839071 0.0 0.33535658578717964
0.01949662941550073 -0.5072983519753033 0.48851742427452954 0.7144219244425085 5.136307424988467 0.0 -0.4288838892188686 0.0 0.3386305958618984
0.024381803658246017 -0.5001541327308782 0.4875482936672662 1.0652754355704481 4.8699218910308435 0.0 -0.4662020795222507 0.0 0.3395894360937331
0.029257286594918667 -0.4895013783751737 0.48523629732679524 1.3903775856008445 4.659189297808435 0.0 -0.4930058532613692 0.0 0.33841254615722643
0.034109649568186615 -0.47559760251916533 0.4820733878446488 1.6963178756210824 4.5011337046322595 0.0 -0.5098916421825584 0.0 0.33524257556830034
0.0389303834466331 -0.45863442376295455 0.47852179269265505 1.989305742390976 4.393870820204692 0.0 -0.5172733891474641 0.0 0.33018801683506144
0.04371560137355965 -0.43874136633904476 0.4750229388919735 2.2752904594314916 4.336570037011841 0.0 -0.5153896611878673 0.0 0.3233251929263163

-7.564260566374007e-18 -0.5 0.5 -0.4 1.3366133947309556e-19 0.0 -0.15545343246648174 0.0 0.32197964293712894
0.004999999999999986 -0.504 0.47779745979073124 -0.5669850954048953 6.316983400276101 0.0 -0.24489292290362427 0.0 0.3209406114072303
0.00977797459790729 -0.5096698509540489 0.4842529602235007 -0.09357041086090345 5.853793237058644 0.0 -0.3193389092597264 0.0 0.3295478468622163
0.01462050420014229 -0.510605555062658 0.48761252153584433 0.3307203087354698 5.462474997896221 0.0 -0.3802617771839071 0.0 0.33535658578717964
0.01949662941550073 -0.5072983519753033 0.48851742427452954 0.7144219244425085 5.136307424988467 0.0 -0.4288838892188686 0.0 0.3386305958618984
0.024381803658246017 -0.5001541327308782 0.4875482936672662 1.0652754355704481 4.8699218910308435 0.0 -0.4662020795222507 0.0 0.3395894360937331
0.029257286594918667 -0.4895013783751737 0.48523629732679524 1.3903775856008445 4.659189297808435 0.0 -0.4930058532613692 0.0 0.33841254615722643
0.034109649568186615 -0.47559760251916533 0.4820733878446488 1.6963178756210824 4.5011337046322595 0.0 -0.5098916421825584 0.0 0.33524257556830034
0.0389303834466331 -0.45863442376295455 0.47852179269265505 1.989305742390976 4.393870820204692 0.0 -0.5172733891474641 0.0 0.33018801683506144
0.04371560137355965 -0.43874136633904476 0.4750229388919735 2.2752904594314916 4.336570037011841 0.0 -0.5153896611878673 0.0 0.3233251929263163

-7.564260566374007e-18 -0.5 0.5 -0.4 1.3366133947309556e-19 0.0 -0.15545343246648174 0.0 0.32197964293712894
0.004999999999999986 -0.504 0.47779745979073124 -0.5669850954048953 6.316983400276101 0.0 -0.24489292290362427 0.0 0.3209406114072303
0.00977797459790729 -0.5096698509540489 0.4842529602235007 -0.09357041086090345 5.853793237058644 0.0 -0.3193389092597264 0.0 0.3295478468622163
0.01462050420014229 -0.510605555062658 0.48761252153584433 0.3307203087354698 5.462474997896221 0.0 -0.3802617771839071 0.0 0.33535658578717964
0.01949662941550073 -0.5072983519753033 0.48851742427452954 0.7144219244425085 5.136307424988467 0.0 -0.4288838892188686 0.0 0.3386305958618984
0.024381803658246017 -0.5001541327308782 0.4875482936672662 1.0652754355704481 4.8699218910308435 0.0 -0.4662020795222507 0.0 0.3395894360937331
0.029257286594918667 -0.4895013783751737 0.48523629732679524 1.3903775856008445 4.659189297808435 0.0 -0.4930058532613692 0.0 0.33841254615722643
0.034109649568186615 -0.47559760251916533 0.4820733878446488 1.6963178756210824 4.5011337046322595 0.0 -0.5098916421825584 0.0 0.33524257556830034
0.0389303834466331 -0.45863442376295455 0.47852179269265505 1.989305742390976 4.393870820204692 0.0 -0.5172733891474641 0.0 0.33018801683506144
0.04371560137355965 -0.43874136633904476 0.4750229388919735 2.2752904594314916 4.336570037011841 0.0 -0.5153896611878673 0.0 0.3233251929263163

-7.564260566374007e-18 -0.5 0.5 -0.4 1.3366133947309556e-19 0.0 -0.15545343246648174 0.0 0.32197964293712894
0.004999999999999986 -0.504 0.47779745979073124 -0.5669850954048953 6.316983400276101 0.0 -0.24489292290362427 0.0 0.3209406114072303
0.00977797459790729 -0.5096698509540489 0.4842529602235007 -0.09357041086090345 5.853793237058644 0.0 -0.3193389092597264 0.0 0.3295478468622163
0.01462050420014229 -0.510605555062658 0.48761252153584433 0.3307203087354698 5.462474997896221 0.0 -0.3802617771839071 0.0 0.33535658578717964
0.01949662941550073 -0.5072983519753033 0.48851742427452954 0.7144219244425085 5.136307424988467 0.0 -0.4288838892188686 0.0 0.3386305958618984
0.024381803658246017 -0.5001541327308782 0.4875482936672662 1.0652754355704481 4.8699218910308435 0.0 -0.4662020795222507 0.0 0.3395894360937331
0.029257286594918667 -0.4895013783751737 0.48523629732679524 1.3903775856008445 4.659189297808435 0.0 -0.4930058532613692 0.0 0.33841254615722643
0.034109649568186615 -0.47559760251916533 0.4820733878446488 1.6963178756210824 4.5011337046322595 0.0 -0.5098916421825584 0.0 0.33524257556830034
0.0389303834466331 -0.45863442376295455 0.47852179269265505 1.989305742390976 4.393870820204692 0.0 -0.5172733891474641 0.0 0.33018801683506144
0.04371560137355965 -0.43874136633904476 0.4750229388919735 2.2752904594314916 4.336570037011841 0.0 -0.5153896611878673 0.0 0.3233251929263163

-7.564260566374007e-18 -0.5 0.5 -0.4 1.3366133947309556e-19 0.0 -0.15545343246648174 0.0 0.32197964293712894
0.004999999999999986 -0.504 0.47779745979073124 -0.5669850954048953 6.316983400276101 0.0 -0.24489292290362427 0.0 0.3209406114072303
0.00977797459790729 -0.5096698509540489 0.4842529602235007 -0.09357041086090345 5.853793237058644 0.0 -0.3193389092597264 0.0 0.3295478468622163
0.01462050420014229 -0.510605555062658 0.48761252153584433 0.3307203087354698 5.462474997896221 0.0 -0.3802617771839071 0.0 0.33535658578717964
0.01949662941550073 -0.5072983519753033 0.48851742427452954 0.7144219244425085 5.136307424988467 0.0 -0.4288838892188686 0.0 0.3386305958618984
0.024381803658246017 -0.5001541327308782 0.4875482936672662 1.0652754355704481 4.8699218910308435 0.0 -0.4662020795222507 0.0 0.3395894360937331
0.029257286594918667 -0.4895013783751737 0.48523629732679524 1.3903775856008445 4.659189297808435 0.0 -0.4930058532613692 0.0 0.33841254615722643
0.034109649568186615 -0.47559760251916533 0.4820733878446488 1.6963178756210824 4.5011337046322595 0.0 -0.5098916421825584 0.0 0.33524257556830034
0.0389303834466331 -0.45863442376295455 0.47852179269265505 1.989305742390976 4.393870820204692 0.0 -0.5172733891474641 0.0 0.33018801683506144
0.04371560137355965 -0.43874136633904476 0.4750229388919735 2.2752904594314916 4.336570037011841 0.0 -0.5153896611878673 0.0 0.3233251929263163

-7.564260566374007e-18 -0.5 0.5 -0.4 1.3366133947309556e-19 0.0 -0.15545343246648174 0.0 0.32197964293712894
0.004999999999999986 -0.504 0.47779745979073124 -0.5669850954048953 6.316983400276101 0.0 -0.24489292290362427 0.0 0.3209406114072303
0.00977797459790729 -0.5096698509540489 0.4842529602235007 -0.09357041086090345 5.853793237058644 0.0 -0.3193389092597264 0.0 0.3295478468622163
0.01462050420014229 -0.510605555062658 0.48761252153584433 0.3307203087354698 5.462474997896221 0.0 -0.3802617771839071 0.0 0.33535658578717964
0.01949662941550073 -0.5072983519753033 0.48851742427452954 0.7144219244425085 5.136307424988467 0.0 -0.4288838892188686 0.0 0.3386305958618984
0.024381803658246017 -0.5001541327308782 0.4875482936672662 1.0652754355704481 4.8699218910308435 0.0 -0.4662020795222507 0.0 0.3395894360937331
0.029257286594918667 -0.4895013783751737 0.48523629732679524 1.3903775856008445 4.659189297808435 0.0 -0.4930058532613692 0.0 0.33841254615722643
0.034109649568186615 -0.47559760251916533 0.4820733878446488 1.6963178756210824 4.5011337046322595 0.0 -0.5098916421825584 0.0 0.33524257556830034
0.0389303834466331 -0.45863442376295455 0.47852179269265505 1.989305742390976 4.393870820204692 0.0 -0.5172733891474641 0.0 0.33018801683506144
0.04371560137355965 -0.43874136633904476 0.4750229388919735 2.2752904594314916 4.336570037011841 0.0 -0.5153896611878673 0.0 0.3233251929263163

-7.564260566374007e-18 -0.5 0.5 -0.4 1.3366133947309556e-19 0.0 -0.15545343246648174 0.0 0.32197964293712894
0.004999999999999986 -0.504 0.47779745979073124 -0.5669850954048953 6.316983400276101 0.0 -0.24489292290362427 0.0 0.3209406114072303
0.00977797459790729 -0.5096698509540489 0.4842529602235007 -0.09357041086090345 5.853793237058644 0.0 -0.3193389092597264 0.0 0.3295478468622163
0.01462050420014229 -0.510605555062658 0.48761252153584433 0.3307203087354698 5.462474997896221 0.0 -0.3802617771839071 0.0 0.33535658578717964
0.01949662941550073 -0.5072983519753033 0.48851742427452954 0.7144219244425085 5.136307424988467 0.0 -0.4288838892188686 0.0 0.3386305958618984
0.024381803658246017 -0.5001541327308782 0.4875482936672662 1.0652754355704481 4.8699218910308435 0.0 -0.4662020795222507 0.0 0.3395894360937331
0.029257286594918667 -0.4895013783751737 0.48523629732679524 1.3903775856008445 4.659189297808435 0.0 -0.4930058532613692 0.0 0.33841254615722643
0.034109649568186615 -0.47559760251916533 0.4820733878446488 1.6963178756210824 4.5011337046322595 0.0 -0.5098916421825584 0.0 0.33524257556830034
0.0389303834466331 -0.45863442376295455 0.47852179269265505 1.989305742390976 4.393870820204692 0.0 -0.5172733891474641 0.0 0.33018801683506144
0.04371560137355965 -0.43874136633904476 0.4750229388919735 2.2752904594314916 4.336570037011841 0.0 -0.5153896611878673 0.0 0.3233251929263163

-7.564260566374007e-18 -0.5 0.5 -0.4 1.3366133947309556e-19 0.0 -0.15545343246648174 0.0 0.32197964293712894
0.004999999999999986 -0.504 0.47779745979073124 -0.5669850954048953 6.316983400276101 0.0 -0.24489292290362427 0.0 0.3209406114072303
0.00977797459790729 -0.5096698509540489 0.4842529602235007 -0.09357041086090345 5.853793237058644 0.0 -0.3193389092597264 0.0 0.3295478468622163
0.01462050420014229 -0.510605555062658 0.48761252153584433 0.3307203087354698 5.462474997896221 0.0 -0.3802617771839071 0.0 0.33535658578717964
0.01949662941550073 -0.5072983519753033 0.48851742427452954 0.7144219244425085 5.136307424988467 0.0 -0.4288838892188686 0.0 0.3386305958618984
0.024381803658246017 -0.5001541327308782 0.4875482936672662 1.0652754355704481 4.8699218910308435 0.0 -0.4662020795222507 0.0 0.3395894360937331
0.029257286594918667 -0.4895013783751737 0.48523629732679524 1.3903775856008445 4.659189297808435 0.0 -0.4930058532613692 0.0 0.33841254615722643
0.034109649568186615 -0.47559760251916533 0.4820733878446488 1.6963178756210824 4.5011337046322595 0.0 -0.5098916421825584 0.0 0.33524257556830034
0.0389303834466331 -0.45863442376295455 0.47852179269265505 1.989305742390976 4.393870820204692 0.0 -0.5172733891474641 0.0 0.33018801683506144
0.04371560137355965 -0.43874136633904476 0.4750229388919735 2.2752904594314916 4.336570037011841 0.0 -0.5153896611878673 0.0 0.3233251929263163

-7.564260566374007e-18 -0.5 0.5 -0.4 1.3366133947309556e-19 0.0 -0.15545343246648174 0.0 0.32197964293712894
0.004999999999999986 -0.504 0.47779745979073124 -0.5669850954048953 6.316983400276101 0.0 -0.24489292290362427 0.0 0.3209406114072303
0.00977797459790729 -0.5096698509540489 0.4842529602235007 -0.09357041086090345 5.853793237058644 0.0 -0.3193389092597264 0.0 0.3295478468622163
0.01462050420014229 -0.510605555062658 0.48761252153584433 0.3307203087354698 5.462474997896221 0.0 -0.3802617771839071 0.0 0.33535658578717964
0.01949662941550073 -0.5072983519753033 0.48851742427452954 0.7144219244425085 5.136307424988467 0.0 -0.4288838892188686 0.0 0.3386305958618984
0.024381803658246017 -0.5001541327308782 0.4875482936672662 1.0652754355704481 4.8699218910308435 0.0 -0.4662020795222507 0.0 0.3395894360937331
0.029257286594918667 -0.4895013783751737 0.48523629732679524 1.3903775856008445 4.659189297808435 0.0 -0.4930058532613692 0.0 0.33841254615722643
0.034109649568186615 -0.47559760251916533 0.4820733878446488 1.6963178756210824 4.5011337046322595 0.0 -0.5098916421825584 0.0 0.33524257556830034
0.0389303834466331 -0.45863442376295455 0.47852179269265505 1.989305742390976 4.393870820204692 0.0 -0.5172733891474641 0.0 0.33018801683506144
0.04371560137355965 -0.43874136633904476 0.4750229388919735 2.2752904594314916 4.336570037011841 0.0 -0.5153896611878673 0.0 0.3233251929263163

-7.564260566374007e-18 -0.5 0.5 -0.4 1.3366133947309556e-19 0.0 -0.15545343246648174 0.0 0.32197964293712894
0.004999999999999986 -0.504 0.47779745979073124 -0.5669850954048953 6.316983400276101 0.0 -0.24489292290362427 0.0 0.3209406114072303
0.00977797459790729 -0.5096698509540489 0.4842529602235007 -0.09357041086090345 5.853793237058644 0.0 -0.3193389092597264 0.0 0.3295478468622163
0.01462050420014229 -0.510605555062658 0.48761252153584433 0.3307203087354698 5.462474997896221 0.0 -0.3802617771839071 0.0 0.33535658578717964
0.01949662941550073 -0.5072983519753033 0.48851742427452954 0.7144219244425085 5.136307424988467 0.0 -0.4288838892188686 0.0 0.3386305958618984
0.024381803658246017 -0.5001541327308782 0.4875482936672662 1.0652754355704481 4.8699218910308435 0.0 -0.4662020795222507 0.0 0.3395894360937331
0.029257286594918667 -0.4895013783751737 0.48523629732679524 1.3903775856008445 4.659189297808435 0.0 -0.4930058532613692 0.0 0.33841254615722643
0.034109649568186615 -0.47559760251916533 0.4820733878446488 1.6963178756210824 4.5011337046322595 0.0 -0.5098916421825584 0.0 0.33524257556830034
0.0389303834466331 -0.45863442376295455 0.47852179269265505 1.989305742390976 4.393870820204692 0.0 -0.5172733891474641 0.0 0.33018801683506144
0.04371560137355965 -0.43874136633904476 0.4750229388919735 2.2752904594314916 4.336570037011841 0.0 -0.5153896611878673 0.0 0.3233251929263163
