-8 0 3 0 4 0
-7.68528 3.14715 3.31927 3.19267 4.31472 3.14715
-7.08494 6.00342 3.47156 1.52295 4.91506 6.00342
-6.58038 5.04562 3.42712 -0.44438 5.41962 5.04562
-6.3825 1.97885 3.33744 -0.896854 5.6175 1.97885
-6.3513 0.311978 3.3749 0.374563 5.6487 0.311978
-6.36636 -0.150632 3.35983 -0.150632 5.63364 -0.150632
-6.37842 -0.120622 3.34777 -0.120622 5.62158 -0.120622
-6.38251 -0.0409111 3.34368 -0.0409111 5.61749 -0.0409111
-6.38254 -0.000221036 3.34366 -0.000221036 5.61746 -0.000221036
-6.38215 0.00389836 3.34405 0.00389836 5.61785 0.00389836
-6.38206 0.000896802 3.34414 0.000896802 5.61794 0.000896802
-6.38215 -0.000923705 3.34404 -0.000923705 5.61785 -0.000923705
-6.38227 -0.00116394 3.34393 -0.00116394 5.61773 -0.00116394
-6.38235 -0.000848325 3.34384 -0.000848325 5.61765 -0.000848325
-6.38241 -0.000576011 3.34378 -0.000576011 5.61759 -0.000576011
-6.38246 -0.000517944 3.34373 -0.000517944 5.61754 -0.000517944
-6.38274 -0.00277223 3.34346 -0.00277223 5.61726 -0.00277223
-6.38325 -0.00511378 3.34294 -0.00511378 5.61675 -0.00511378
-6.38357 -0.00318911 3.34263 -0.00318911 5.61643 -0.00318911
-6.38371 -0.00141425 3.34248 -0.00141425 5.61629 -0.00141425
-6.38374 -0.000326991 3.34245 -0.000326991 5.61626 -0.000326991
-6.38374 -2.99811e-05 3.34245 -2.99811e-05 5.61626 -2.99811e-05
-6.38375 -2.50367e-05 3.34245 -2.50367e-05 5.61625 -2.50367e-05
-6.38376 -0.000117449 3.34243 -0.000117449 5.61624 -0.000117449
-6.38376 -6.61208e-05 3.34243 -6.61208e-05 5.61624 -6.61208e-05
-6.38378 -0.000168261 3.34241 -0.000168261 5.61622 -0.000168261
-6.38379 -4.71469e-05 3.34241 -4.71469e-05 5.61621 -4.71469e-05
-6.38379 -1.85812e-05 3.3424 -1.85812e-05 5.61621 -1.85812e-05
-6.38379 -5.26854e-05 3.3424 -5.26854e-05 5.61621 -5.26854e-05
-6.38379 4.54279e-07 3.3424 4.54279e-07 5.61621 4.54279e-07
-6.3838 -4.55832e-05 3.34239 -4.55832e-05 5.6162 -4.55832e-05
-6.3838 -3.51503e-05 3.34239 -3.51503e-05 5.6162 -3.51503e-05
-6.38379 7.65373e-05 3.3424 7.65373e-05 5.61621 7.65373e-05
-6.38379 -9.05155e-06 3.3424 -9.05155e-06 5.61621 -9.05155e-06
-6.38376 0.000308673 3.34243 0.000308673 5.61624 0.000308673
-6.38374 0.000225174 3.34245 0.000225174 5.61626 0.000225174
-6.38373 8.81519e-05 3.34246 8.81519e-05 5.61627 8.81519e-05
-6.38373 6.93657e-05 3.34247 6.93657e-05 5.61627 6.93657e-05
-6.38372 1.3683e-05 3.34247 1.3683e-05 5.61628 1.3683e-05
-6.38375 -0.000242146 3.34244 -0.000242146 5.61625 -0.000242146
-6.38376 -6.73907e-05 3.34244 -6.73907e-05 5.61624 -6.73907e-05
-6.38375 7.93207e-05 3.34244 7.93207e-05 5.61625 7.93207e-05
-6.38375 -3.62555e-05 3.34244 -3.62555e-05 5.61625 -3.62555e-05
-6.38373 0.000169529 3.34246 0.000169529 5.61627 0.000169529
-6.38374 -7.01642e-05 3.34245 -7.01642e-05 5.61626 -7.01642e-05
-6.38373 6.48724e-05 3.34246 6.48724e-05 5.61627 6.48724e-05
-6.30269 0.810462 3.4235 0.810462 5.43402 -1.82244
-6.26285 0.398379 3.46334 0.398379 5.20414 -2.2988
-6.25513 0.0772425 3.47107 0.0772425 5.01574 -1.88397
-6.26247 -0.0734802 3.46372 -0.0734802 4.91621 -0.995362
-6.22536 0.371182 3.50084 0.371182 4.97302 0.568073
-6.14764 0.777133 3.57855 0.777133 5.05073 0.777133
-5.97762 1.70022 3.42006 -1.58493 5.22075 1.70022
-5.81418 1.63441 3.14316 -2.76895 5.38419 1.63441
-5.7438 0.703777 2.87254 -2.70619 5.45457 0.703777
-5.74029 0.0350982 2.69821 -1.74335 5.45808 0.0350982
-5.72488 0.154101 2.73228 0.340713 5.47349 0.154101
-5.65216 0.727249 2.80513 0.728502 5.54621 0.727249
-5.4808 1.71361 2.97649 1.71361 5.41649 -1.29728
-5.24342 2.37375 3.21387 2.37375 5.1581 -2.5839
-5.08363 1.5979 3.37366 1.5979 4.87062 -2.87474
-5.03832 0.453072 3.41896 0.453072 4.63513 -2.3549
-5.05388 -0.155539 3.40341 -0.155539 4.50166 -1.33474
-5.0456 0.0828063 3.41169 0.0828063 4.52655 0.248859
-4.9756 0.699945 3.48168 0.699945 4.61079 0.84245
-4.88719 0.884118 3.5701 0.884118 4.71036 0.995649
-4.66523 2.21963 3.36366 -2.06436 4.93232 2.21963
-4.3984 2.66822 2.96696 -3.967 5.19914 2.66822
-4.25469 1.43711 2.52151 -4.45445 5.34285 1.43711
-4.22977 0.249238 2.15274 -3.68778 5.36777 0.249238
-4.25636 -0.265869 1.93313 -2.19602 5.34119 -0.265869
-4.26063 -0.0426867 1.94279 0.0965254 5.33692 -0.0426867
-4.18745 0.731795 2.02821 0.854288 5.4101 0.731795
-4.09441 0.930372 2.13032 1.02105 5.50314 0.930372
-3.88319 2.11217 2.34154 2.11217 5.3591 -1.44037
-3.55953 3.23657 2.66519 3.23657 5.01038 -3.48718
-3.22483 3.34709 2.9999 3.34709 4.57284 -4.37538
-2.99685 2.27974 3.22788 2.27974 4.14311 -4.29732
-2.93702 0.598329 3.28771 0.598329 3.8046 -3.38515
-2.96376 -0.267439 3.26097 -0.267439 3.60965 -1.94942
-2.98898 -0.25221 3.23575 -0.25221 3.5917 -0.179499
-2.9537 0.352801 3.27103 0.352801 3.63622 0.445136
-2.89757 0.561373 3.32716 0.561373 3.6996 0.633775
-2.84652 0.510505 3.37821 0.510505 3.75764 0.580431
-2.80849 0.380267 3.41624 0.380267 3.80277 0.451354
-2.78089 0.27598 3.44384 0.27598 3.83763 0.348545
-2.69499 0.858961 3.34215 -1.01687 3.92353 0.858961
-2.45302 2.41975 3.04416 -2.97994 4.1655 2.41975
-2.0804 3.72622 2.63289 -4.11264 4.53812 3.72622
-1.70825 3.72152 2.17525 -4.57645 4.91027 3.72152
-1.48477 2.23475 1.72866 -4.46584 5.13375 2.23475
-1.43723 0.475358 1.36893 -3.59732 5.18129 0.475358
-1.48966 -0.52426 1.16393 -2.04999 5.12886 -0.52426
-1.54187 -0.522119 1.11172 -0.522119 5.07665 -0.522119
-1.52292 0.189535 1.13068 0.189535 5.0956 0.189535
-1.4564 0.665137 1.20261 0.719326 5.16211 0.665137
-1.4003 0.56107 1.26053 0.579231 5.21822 0.56107
-1.37352 0.267772 1.28983 0.293029 5.245 0.267772
-1.36774 0.0577782 1.299 0.091673 5.25078 0.0577782
-1.36943 -0.0168698 1.30086 0.0185569 5.24909 -0.0168698
-1.36991 -0.00476185 1.30395 0.0309425 5.24861 -0.00476185
-1.36683 0.0308069 1.31015 0.0620101 5.25169 0.0308069
-1.36133 0.0549256 1.31927 0.0911691 5.25719 0.0549256
-1.35515 0.0617918 1.3293 0.100307 5.26337 0.0617918
-1.34936 0.0578973 1.33891 0.0960688 5.26916 0.0578973
-1.34416 0.052008 1.34734 0.0843364 5.27436 0.052008
-1.33977 0.0439386 1.35498 0.0763772 5.27875 0.0439386
-1.33587 0.0389886 1.36218 0.0719903 5.28265 0.0389886
-1.33222 0.0364697 1.36907 0.0689658 5.2863 0.0364697
-1.32875 0.0347704 1.37579 0.0671703 5.28977 0.0347704
-1.32544 0.0330562 1.38233 0.0654117 5.29308 0.0330562
-1.32232 0.0311783 1.38869 0.0636258 5.2962 0.0311783
-1.3194 0.0292306 1.39487 0.0617063 5.29912 0.0292306
-1.31666 0.0273955 1.40086 0.0599877 5.30186 0.0273955
-1.31424 0.0242111 1.40707 0.0620229 5.30428 0.0242111
-1.28405 0.301903 1.43726 0.301903 5.2508 -0.534837
-1.17505 1.09003 1.54626 1.09003 5.07014 -1.8066
-0.978898 1.96148 1.74241 1.96148 4.7499 -3.20242
-0.733758 2.45141 1.98755 2.45141 4.35544 -3.94456
-0.482945 2.50813 2.23836 2.50813 3.94549 -4.09945
-0.26519 2.17755 2.45612 2.17755 3.56578 -3.79709
-0.10905 1.5614 2.61226 1.5614 3.25518 -3.10608
-0.0284675 0.805825 2.69284 0.805825 3.07472 -1.80453
-0.0213488 0.0711863 2.69996 0.0711863 3.02666 -0.480623
-0.0636281 -0.422793 2.65768 -0.422793 3.03627 0.0960323
-0.124634 -0.610056 2.59667 -0.610056 3.04538 0.0911564
-0.175133 -0.504993 2.54617 -0.504993 3.01556 -0.298176
-0.207815 -0.326825 2.51349 -0.326825 2.98288 -0.326825
-0.221802 -0.139865 2.4995 -0.139865 2.96889 -0.139865
-0.220908 0.0089388 2.5004 0.0089388 2.96979 0.0089388
-0.212799 0.0810938 2.50851 0.0810938 2.9779 0.0810938
-0.204072 0.0872681 2.51723 0.0872681 2.98662 0.0872681
-0.198954 0.0511797 2.52235 0.0511797 2.99174 0.0511797
-0.198943 0.000106364 2.52236 0.000106364 2.99175 0.000106364
-0.203353 -0.0441012 2.51795 -0.0441012 2.98734 -0.0441012
-0.210124 -0.0677072 2.51118 -0.0677072 2.98057 -0.0677072
-0.216816 -0.0669208 2.50449 -0.0669208 2.97388 -0.0669208
-0.221608 -0.0479173 2.4997 -0.0479173 2.96909 -0.0479173
-0.223715 -0.0210763 2.49759 -0.0210763 2.96698 -0.0210763
-0.223342 0.00373327 2.49796 0.00373327 2.96735 0.00373327
-0.221161 0.0218095 2.50014 0.0218095 2.96954 0.0218095
-0.217733 0.034278 2.50357 0.034278 2.97296 0.034278
-0.21408 0.0365317 2.50722 0.0365317 2.97662 0.0365317
-0.210897 0.0318362 2.51041 0.0318362 2.9798 0.0318362
-0.208585 0.0231192 2.51272 0.0231192 2.98211 0.0231192
-0.206912 0.0167236 2.51439 0.0167236 2.98378 0.0167236
-0.205521 0.013908 2.51578 0.013908 2.98517 0.013908
-0.204145 0.0137666 2.51716 0.0137666 2.98655 0.0137666
-0.202573 0.0157134 2.51873 0.0157134 2.98812 0.0157134
-0.200733 0.0184032 2.52057 0.0184032 2.98996 0.0184032
-0.198855 0.01878 2.52245 0.01878 2.99184 0.01878
-0.197096 0.0175896 2.52421 0.0175896 2.9936 0.0175896
-0.195584 0.0151244 2.52572 0.0151244 2.99511 0.0151244
-0.194283 0.0130061 2.52702 0.0130061 2.99641 0.0130061
-0.192718 0.0156516 2.52859 0.0156516 2.99798 0.0156516
-0.190365 0.023534 2.53094 0.023534 3.00033 0.023534
-0.186946 0.0341858 2.53436 0.0341858 3.00375 0.0341858
-0.18232 0.0462626 2.53899 0.0462626 3.00838 0.0462626
-0.17656 0.0576002 2.54475 0.0576002 3.01414 0.0576002
-0.170421 0.0613854 2.55088 0.0613854 3.02028 0.0613854
-0.16472 0.0570138 2.55659 0.0570138 3.02598 0.0570138
-0.160301 0.0441899 2.561 0.0441899 3.0304 0.0441899
-0.157623 0.0267757 2.56368 0.0267757 3.03307 0.0267757
-0.156639 0.00984368 2.56467 0.00984368 3.03406 0.00984368
-0.156836 -0.00197077 2.56447 -0.00197077 3.03386 -0.00197077
-0.157882 -0.0104616 2.56342 -0.0104616 3.03281 -0.0104616
-0.159358 -0.0147631 2.56195 -0.0147631 3.03134 -0.0147631
-0.160788 -0.0142962 2.56052 -0.0142962 3.02991 -0.0142962
-0.161969 -0.0118126 2.55934 -0.0118126 3.02873 -0.0118126
-0.16267 -0.0070105 2.55863 -0.0070105 3.02803 -0.0070105
-0.16286 -0.0019015 2.55844 -0.0019015 3.02784 -0.0019015
-0.162655 0.00205562 2.55865 0.00205562 3.02804 0.00205562
-0.162256 0.00398981 2.55905 0.00398981 3.02844 0.00398981
-0.161973 0.00283159 2.55933 0.00283159 3.02872 0.00283159
-0.161888 0.000841904 2.55942 0.000841904 3.02881 0.000841904
-0.161957 -0.000684927 2.55935 -0.000684927 3.02874 -0.000684927
-0.162078 -0.0012097 2.55923 -0.0012097 3.02862 -0.0012097
-0.162197 -0.00119537 2.55911 -0.00119537 3.0285 -0.00119537
-0.162265 -0.000677998 2.55904 -0.000677998 3.02843 -0.000677998
-0.162258 7.12516e-05 2.55905 7.12516e-05 3.02844 7.12516e-05
-0.162163 0.000949646 2.55914 0.000949646 3.02853 0.000949646
-0.162037 0.00126211 2.55927 0.00126211 3.02866 0.00126211
-0.161855 0.00182047 2.55945 0.00182047 3.02884 0.00182047
-0.161655 0.00200093 2.55965 0.00200093 3.02904 0.00200093
-0.161518 0.00136437 2.55979 0.00136437 3.02918 0.00136437
-0.161398 0.0011983 2.55991 0.0011983 3.0293 0.0011983
-0.161372 0.000269357 2.56017 0.0026144 3.02932 0.000269357
-0.161844 -0.00472213 2.56145 0.0128721 3.02885 -0.00472213
-0.16188 -0.000363197 2.56215 0.00691424 3.02882 -0.000363197
-0.162191 -0.00311376 2.56348 0.0132981 3.0285 -0.00311376
-0.162172 0.000195586 2.56446 0.00979414 3.02852 0.000195586
-0.162366 -0.00193936 2.56591 0.0145258 3.02833 -0.00193936
-0.162309 0.000565129 2.56704 0.0112962 3.02839 0.000565129
-0.162493 -0.00183856 2.56845 0.0141174 3.0282 -0.00183856
-0.162398 0.00095001 2.56958 0.0113503 3.0283 0.00095001
-0.162457 -0.000584721 2.57105 0.0146386 3.02824 -0.000584721
-0.162434 0.000224623 2.5721 0.0105435 3.02826 0.000224623
-0.162604 -0.00169621 2.57351 0.0140652 3.02809 -0.00169621
-0.162576 0.000279799 2.57452 0.0101513 3.02812 0.000279799
